ind1	1	0	0	1	1	0	1	1	0	1	0	1	0	0	0	0	1	0	1	1	0	1	0	0	1	1	1	1	0	0	1	1	1	1	1	0	1	0	0	0	1	1	1	0	1	1	0	0	0	0	1	1	1	1	1	1	0	0	1	0	1	0	0	1	1	0	0	1	1	0	1	1	0	1	0	1	0	1	1	0	1	0	1	0	1	0	0	1	1	0	1	1	1	0	0	1	0	1	0	1	1	0	0	1	1	1	1	0	1	1	0	1	1	1	0	1	0	1	1	0	0	1	1	1	1	0	0	1	0	0	0	0	0	1	0	1	1	0	1	1	1	1	1	1	0	1	0	0	1	1	1	1	0	1	1	1	1	0	1	0	0	1	0	0	0	1	1	0
ind2	1	0	0	0	1	0	1	1	0	1	0	1	0	0	0	0	1	0	1	1	0	1	0	1	1	1	1	1	0	0	1	1	1	1	1	0	1	0	0	0	1	1	1	0	1	1	0	1	1	0	1	1	1	1	1	1	0	0	1	1	0	0	0	1	1	0	0	1	1	0	1	0	0	1	1	1	0	1	1	0	1	0	1	0	0	1	1	1	1	0	1	1	1	0	0	0	1	1	0	1	1	0	0	1	1	1	1	0	1	1	0	1	1	1	0	1	0	1	1	0	0	0	1	0	1	0	0	0	0	1	0	0	0	1	0	1	1	0	1	1	1	1	1	1	0	1	1	0	1	1	1	1	0	1	1	1	1	0	1	0	0	1	0	0	0	1	1	0
ind3	1	1	0	0	1	0	1	1	0	1	0	1	0	0	0	0	1	0	1	1	0	1	0	1	1	1	1	0	0	0	1	1	1	1	1	0	1	0	0	0	1	1	1	0	1	1	0	0	0	1	1	1	1	1	1	1	0	0	1	1	1	0	0	1	1	0	0	1	1	0	1	1	0	1	1	1	0	1	1	0	0	0	1	0	1	0	0	1	1	0	1	1	1	0	0	1	0	1	0	1	1	0	1	1	1	1	1	0	1	1	0	1	1	1	0	1	0	1	1	0	1	0	1	1	1	0	0	1	0	0	0	0	0	1	1	1	1	0	1	1	1	1	1	1	0	1	0	0	1	1	1	0	1	1	1	0	1	0	1	0	0	0	0	0	0	1	1	0
ind4	1	1	0	0	1	0	1	1	0	1	0	1	0	0	0	0	1	0	1	1	0	1	0	1	1	1	1	0	0	0	1	1	1	1	1	1	1	0	1	0	1	1	1	0	1	1	0	1	1	0	1	1	1	1	1	1	0	0	1	0	1	0	0	1	1	0	0	0	1	0	1	1	0	1	1	1	0	1	1	0	0	1	1	0	1	0	1	1	1	0	1	1	1	0	0	0	0	1	0	1	1	0	0	0	1	1	1	0	1	0	1	1	1	1	0	1	0	1	1	0	0	1	1	1	1	0	0	1	0	0	0	0	0	1	0	1	1	0	1	1	1	1	1	1	0	1	0	0	1	1	1	1	0	1	1	1	1	0	1	0	0	1	0	0	1	1	1	0
ind5	2	1	0	0	1	0	1	1	0	1	0	0	0	0	0	0	1	0	1	1	0	1	0	1	1	1	1	1	0	0	1	1	1	1	1	0	1	0	1	0	1	1	1	0	1	1	0	0	1	0	1	1	1	1	1	1	1	0	1	1	0	0	0	1	1	0	0	1	1	0	1	0	1	1	0	1	0	1	1	0	0	0	1	0	1	1	0	1	1	0	1	1	1	0	0	0	1	1	0	1	1	0	0	0	1	1	1	0	1	0	0	1	1	1	0	1	0	1	1	0	0	1	1	1	1	0	0	1	0	1	0	1	0	1	0	1	1	0	0	1	1	1	1	1	0	1	0	0	1	1	1	1	0	0	1	1	0	1	1	0	0	0	1	1	0	0	1	0
ind6	2	0	1	0	1	0	1	1	0	1	0	1	0	1	0	0	1	0	1	1	0	1	0	0	1	1	1	0	0	0	1	1	1	1	1	0	1	0	0	0	1	1	1	0	1	1	0	1	0	0	1	1	1	1	1	1	1	0	1	1	1	0	0	1	1	0	0	1	1	0	1	0	0	1	0	1	0	1	1	0	1	0	1	0	0	1	0	1	1	0	1	1	1	0	0	0	1	1	0	1	1	0	0	0	1	1	1	0	1	1	0	1	1	1	1	1	0	1	1	0	0	1	1	1	1	0	0	1	0	0	0	1	0	1	0	1	1	0	1	1	1	1	1	1	0	1	0	0	1	1	1	1	0	1	1	1	1	0	1	0	0	1	0	0	0	0	1	0
ind7	2	1	0	0	1	0	0	1	0	1	0	1	0	0	0	0	1	0	1	1	0	1	0	1	1	1	1	1	0	0	1	1	1	1	1	0	1	0	1	0	1	1	1	0	1	1	0	0	1	0	1	1	1	1	1	1	1	1	1	1	0	0	0	1	1	0	0	1	1	0	1	0	0	1	1	1	0	1	1	0	1	0	1	0	1	0	0	1	1	0	1	1	1	0	0	0	1	1	0	1	1	0	0	0	1	1	1	0	1	1	0	1	1	1	1	1	0	1	0	0	0	1	1	1	0	0	0	1	0	0	0	0	0	1	0	1	1	0	1	1	1	1	1	1	0	1	0	0	1	1	1	1	1	1	1	1	1	0	1	0	0	1	0	0	0	1	1	0
ind8	2	1	0	0	1	0	1	1	0	1	0	1	0	0	0	0	1	0	1	1	0	1	0	0	1	1	1	1	0	0	1	1	1	1	1	0	1	0	1	0	1	1	1	0	1	1	0	0	1	0	1	1	1	1	1	1	1	0	1	1	1	0	0	1	1	0	0	1	1	0	1	0	0	1	0	1	0	1	1	0	1	0	1	0	1	1	0	1	1	0	1	0	1	0	0	1	0	1	0	1	1	0	0	0	1	1	1	0	1	1	0	1	1	1	1	1	0	1	1	0	0	1	1	0	0	0	0	1	0	1	0	0	0	1	0	1	1	0	1	1	1	1	1	1	0	1	0	0	1	1	1	1	1	0	1	1	0	1	1	0	0	1	1	0	0	1	1	0
ind9	2	1	0	0	1	0	0	1	0	1	0	1	0	0	0	0	1	0	1	1	0	1	0	1	1	1	1	1	1	0	1	1	1	0	1	0	1	0	1	0	1	1	1	0	1	1	0	0	1	0	1	1	1	1	1	0	1	0	0	1	1	0	0	1	1	0	0	1	1	1	1	0	0	1	0	1	0	1	1	0	1	0	1	0	0	1	0	1	1	0	1	1	1	0	0	0	1	1	0	1	1	0	0	0	1	1	1	0	1	1	0	1	1	1	0	1	0	1	1	0	0	1	1	1	1	0	0	1	0	1	0	0	0	1	0	1	1	0	1	1	1	1	0	1	0	1	0	0	1	1	1	1	1	1	1	1	0	1	1	0	0	1	1	0	0	1	1	0
ind10	3	0	0	0	0	0	1	1	0	1	0	1	0	0	0	0	1	1	1	1	0	1	0	1	1	1	1	0	1	0	1	0	1	1	1	0	1	0	1	0	1	1	1	0	1	1	0	1	0	0	1	1	1	1	1	1	0	1	1	1	1	0	0	1	1	0	0	1	1	0	1	0	0	1	0	1	0	1	1	0	1	0	1	0	1	1	1	1	1	0	1	1	1	0	0	0	1	1	0	1	1	0	1	0	1	1	1	0	1	1	0	1	1	1	1	1	0	1	1	0	0	1	1	1	1	0	0	1	0	1	0	0	0	1	0	1	1	0	1	1	1	1	1	0	0	1	1	0	1	1	1	1	1	0	1	1	1	0	1	0	0	1	0	0	1	1	1	0
ind11	3	0	0	1	1	0	1	1	0	1	0	1	0	0	0	1	1	0	1	1	0	1	0	1	1	1	1	1	0	0	1	1	1	1	1	0	1	0	1	0	1	1	1	0	1	1	0	1	1	0	1	1	1	1	1	1	1	0	1	1	1	0	0	1	1	0	0	1	1	0	1	0	0	1	0	1	0	1	1	0	1	0	1	0	1	0	0	0	1	0	1	0	1	0	0	0	1	1	0	1	1	0	0	0	1	1	1	0	1	1	0	1	1	1	1	1	0	1	1	0	1	1	1	1	1	0	0	1	0	0	1	0	1	1	0	1	1	0	1	1	1	1	1	0	0	1	0	0	1	1	1	1	1	1	1	1	1	0	1	0	0	1	1	0	0	1	1	0
ind12	3	0	0	1	1	0	1	1	0	1	0	1	0	0	0	1	1	0	1	1	0	1	0	1	1	1	1	0	1	0	1	1	1	1	1	0	1	0	1	0	1	1	1	0	1	1	0	1	1	1	1	1	1	1	1	1	1	0	0	1	1	0	0	1	1	0	0	1	1	0	1	0	1	1	0	1	0	1	1	0	0	0	1	0	1	1	1	1	1	0	1	1	1	0	0	0	1	1	0	1	1	0	0	0	1	1	1	0	1	1	0	1	1	1	1	1	1	1	1	0	0	1	1	1	1	0	0	0	1	0	0	1	0	1	0	1	1	0	1	1	1	1	1	1	0	1	0	0	1	1	1	1	0	1	1	0	1	0	1	0	0	1	0	0	1	0	1	0
ind13	3	0	0	1	1	0	1	1	0	1	0	1	0	0	0	0	1	0	1	1	0	1	0	1	1	1	1	1	1	0	1	1	1	1	1	1	1	0	1	0	1	1	1	0	1	1	1	1	1	1	1	1	1	1	1	1	1	0	1	1	1	0	0	1	1	0	0	1	1	0	1	0	0	1	1	1	0	1	1	0	0	0	1	0	1	1	1	1	1	0	1	1	1	0	0	0	1	1	0	1	1	0	0	0	1	1	1	0	1	1	0	1	1	1	1	1	0	1	1	0	0	1	1	1	1	0	0	1	0	1	0	0	0	1	0	1	0	0	1	1	0	1	1	1	0	1	1	0	1	1	1	1	1	1	1	1	1	0	1	0	0	1	0	0	1	1	1	0
ind14	4	0	0	1	1	0	1	1	0	1	0	1	0	0	0	0	1	0	1	1	0	1	0	1	1	1	1	0	0	0	1	1	1	1	1	0	1	0	0	0	1	1	1	0	1	1	0	0	1	0	1	1	1	1	1	1	1	0	0	1	1	0	0	1	1	0	0	1	1	0	1	0	1	1	0	1	0	1	1	0	0	0	1	0	1	0	0	1	1	0	1	0	1	0	0	0	1	1	0	1	1	0	0	0	1	1	1	0	1	1	0	1	1	0	1	1	0	1	1	0	0	1	1	1	1	0	0	0	0	0	0	0	0	1	0	1	1	0	1	1	1	1	1	1	0	1	0	0	1	1	1	1	0	1	1	1	1	0	1	0	0	1	0	0	0	0	1	0
ind15	4	0	0	1	1	0	1	1	0	1	0	1	0	0	0	0	1	0	1	1	0	1	0	1	1	1	1	1	0	0	1	1	1	1	1	0	1	0	0	1	1	1	1	0	1	1	0	0	1	0	1	1	1	1	1	1	1	0	1	1	1	0	0	1	1	0	0	1	1	0	1	0	0	1	0	1	0	1	1	0	1	0	1	0	1	1	0	1	1	0	1	0	1	0	0	0	1	1	0	1	1	0	0	0	1	1	1	0	1	1	0	1	1	1	1	1	0	1	1	0	0	1	1	1	1	0	0	1	0	1	0	0	0	1	0	1	1	0	1	1	1	1	1	0	0	1	0	0	1	1	1	1	0	1	1	1	1	0	1	0	0	1	0	0	0	0	1	0
ind16	4	1	0	0	1	0	1	1	0	1	0	1	0	0	0	0	1	0	1	1	0	1	0	1	1	1	1	1	0	0	1	1	1	1	1	0	1	0	0	0	1	1	1	0	1	1	0	0	1	0	1	1	1	1	1	1	1	0	1	1	1	0	0	1	1	0	0	1	1	0	1	0	0	1	0	1	0	1	1	0	0	0	1	0	1	1	0	1	1	0	1	1	1	0	1	0	1	1	0	1	1	0	0	0	1	1	1	0	1	1	0	1	1	1	1	1	0	1	1	0	0	1	1	1	1	0	0	1	0	1	0	0	0	1	0	1	0	0	1	1	1	1	1	0	0	1	0	0	1	1	1	1	1	1	1	1	1	0	1	0	0	1	0	0	0	1	1	0
ind17	4	1	0	0	1	0	1	1	0	1	0	1	0	0	0	0	1	0	1	1	0	1	0	1	1	1	1	1	0	0	1	1	1	1	1	0	1	0	0	0	1	1	1	0	1	1	0	0	1	0	1	1	1	1	1	1	1	0	0	1	1	0	0	1	1	0	0	1	1	0	1	0	0	1	0	1	0	1	1	0	1	0	1	0	1	1	1	1	1	0	1	1	1	0	0	0	0	1	0	1	1	0	1	0	1	1	1	0	1	1	0	1	1	1	1	1	0	1	1	0	0	1	1	1	1	0	0	1	0	1	0	0	0	1	0	1	1	0	1	1	1	1	1	0	0	1	0	0	1	1	1	1	0	1	1	1	1	0	1	0	0	1	0	0	0	1	1	0
ind18	4	1	0	0	1	0	1	1	0	1	0	1	0	0	0	0	1	0	1	1	0	1	0	1	1	1	1	0	0	0	1	1	1	1	1	0	1	0	1	0	1	1	1	0	1	1	0	1	1	0	1	1	1	1	1	1	1	0	1	1	1	0	0	1	1	0	0	1	1	0	1	0	1	1	1	1	0	1	1	0	0	0	1	0	1	0	0	1	1	0	1	1	1	0	1	0	1	1	0	1	1	0	1	0	1	1	1	0	1	1	0	1	1	1	1	1	1	1	1	0	0	1	1	1	0	0	1	1	0	0	0	0	0	1	0	1	1	0	1	1	1	1	1	0	0	1	0	0	1	1	1	1	0	1	1	1	1	0	1	0	0	1	0	0	0	0	1	0
ind19	4	0	0	1	1	0	1	1	0	1	0	1	0	0	0	0	1	0	1	1	0	1	0	1	1	1	1	1	0	0	1	1	1	1	1	0	1	0	0	0	1	1	1	0	1	1	0	1	1	0	1	1	1	1	1	1	1	0	1	1	1	0	0	1	1	0	0	1	1	0	1	0	0	1	1	1	0	1	1	0	1	0	1	0	1	1	0	1	1	0	1	1	1	0	0	0	1	1	0	1	1	0	0	1	1	1	1	0	1	1	0	1	1	1	1	1	1	1	1	0	0	1	1	0	1	0	0	0	0	1	0	0	0	1	0	1	1	0	1	1	1	1	1	1	0	1	1	0	1	1	1	1	1	1	1	0	1	0	1	0	0	1	0	0	1	0	1	0
ind20	4	0	0	1	1	0	1	1	0	1	0	1	0	0	0	0	1	0	1	1	0	1	0	1	1	1	1	1	0	0	1	1	1	1	1	0	1	0	0	0	1	1	1	0	1	1	0	0	1	0	1	1	1	1	1	1	1	1	1	1	1	0	0	1	1	0	0	1	1	0	1	0	1	1	1	1	0	1	1	0	0	0	1	0	1	0	0	1	1	0	1	1	1	0	0	0	1	1	0	1	1	0	1	1	1	1	1	0	1	1	0	1	1	1	1	1	0	1	1	0	0	1	1	1	1	0	1	0	1	1	0	1	0	1	0	1	1	0	1	1	1	1	1	0	0	1	1	0	1	1	1	1	1	1	1	1	1	0	1	0	0	1	0	0	0	0	1	0
ind21	5	1	0	0	1	0	1	0	0	1	0	1	0	0	0	0	1	0	1	1	0	1	0	1	1	1	1	0	0	0	1	1	1	1	1	0	1	0	1	0	1	1	0	0	1	1	0	0	1	0	1	1	1	1	1	1	1	1	1	1	1	0	0	1	1	0	0	1	1	0	1	0	0	1	1	1	0	1	1	0	1	0	0	0	1	0	0	1	1	0	1	1	1	0	0	0	1	1	0	1	1	0	0	0	1	1	1	0	1	1	0	1	1	1	0	1	0	1	1	0	0	1	1	1	1	1	0	1	0	1	0	1	0	1	0	1	1	0	1	1	1	1	1	0	0	1	0	0	1	1	1	1	0	1	1	1	1	0	1	0	0	1	1	0	0	1	1	0
ind22	5	0	0	0	1	0	1	1	0	1	0	1	0	0	0	0	1	0	1	1	0	1	0	1	1	1	1	1	0	0	1	1	1	1	1	0	1	0	1	0	1	1	1	0	1	1	0	0	1	0	1	1	1	1	1	1	1	1	1	1	1	0	0	1	1	0	0	1	1	0	1	0	1	1	1	1	0	1	1	0	1	0	1	0	1	1	0	1	1	0	1	1	1	0	0	0	0	1	0	1	1	0	0	1	1	1	1	0	1	1	0	1	1	1	1	1	0	1	1	0	0	1	1	1	1	0	0	1	0	0	0	1	0	1	0	1	1	0	1	1	1	1	1	0	0	1	0	0	1	1	1	1	1	1	1	1	1	0	1	0	0	1	0	0	0	0	1	0
ind23	5	0	1	0	1	0	1	0	0	1	0	0	0	0	0	0	1	0	1	1	0	1	0	1	1	1	1	1	1	0	1	1	1	1	1	0	1	0	1	1	1	1	1	0	1	1	0	1	1	0	1	1	1	1	1	1	1	0	1	1	1	0	0	1	1	0	0	1	1	0	1	0	0	1	0	1	0	1	1	0	1	0	1	0	1	0	0	1	1	1	1	1	1	0	0	0	0	1	1	1	1	0	0	0	1	1	1	0	1	1	0	1	1	1	0	1	0	1	1	0	0	1	1	1	1	0	0	1	0	1	0	0	0	1	0	1	1	0	1	1	1	1	1	1	0	1	0	1	1	1	1	1	0	1	1	1	1	0	1	0	0	1	0	0	1	0	1	0
ind24	5	0	0	0	0	0	1	1	0	1	0	1	0	0	0	0	1	0	1	1	0	1	0	1	1	1	1	1	0	0	1	1	1	1	1	0	1	0	1	0	1	1	1	0	1	1	0	1	1	0	1	1	1	1	1	1	1	1	1	1	1	0	0	1	1	0	0	1	1	0	1	0	0	0	1	1	0	1	1	0	1	0	1	0	1	1	0	1	1	1	1	1	1	0	0	0	1	1	1	1	1	0	0	1	1	1	1	0	1	1	0	0	1	1	1	1	1	1	1	0	0	1	1	1	1	0	0	1	0	1	0	0	0	1	0	1	1	0	1	1	1	1	1	0	0	1	0	0	1	1	1	1	0	1	1	1	1	0	1	0	0	1	0	0	1	0	1	0
ind25	5	0	0	0	1	0	1	1	0	1	0	1	0	0	0	0	1	0	1	1	0	1	0	1	1	1	1	1	0	1	1	1	1	1	1	0	1	0	1	0	1	1	0	0	1	1	0	0	1	0	1	1	1	1	1	1	1	0	1	1	1	0	0	1	1	0	0	1	1	0	1	0	0	1	0	1	0	1	1	0	0	0	1	0	1	1	0	1	1	0	1	1	0	0	0	0	0	1	1	1	1	0	0	1	1	1	0	0	1	1	0	1	1	1	0	1	0	1	1	0	0	1	1	0	1	0	1	1	0	0	0	0	0	1	0	1	1	0	1	1	1	1	1	0	0	1	0	0	1	1	1	1	1	1	0	1	1	0	1	0	0	1	0	0	0	0	1	0
ind26	5	0	0	1	1	0	0	0	0	1	0	1	0	0	0	0	1	0	1	1	0	1	0	0	1	1	1	1	0	0	1	1	1	1	1	0	1	0	0	0	1	1	1	0	1	1	0	1	1	0	1	1	1	1	1	1	1	0	1	1	1	0	0	1	1	0	0	1	1	0	1	0	0	1	0	1	0	1	1	0	0	0	1	0	1	1	0	1	1	0	1	1	1	0	0	0	1	1	0	1	1	0	1	1	1	1	1	0	1	1	0	1	1	1	0	1	0	1	1	0	0	1	1	0	1	0	0	1	0	1	0	0	0	1	0	1	1	0	1	1	1	1	0	1	0	1	0	0	1	1	1	1	1	1	1	1	1	0	1	0	0	1	0	0	0	0	1	0
ind27	5	0	0	0	1	0	1	1	0	1	0	1	0	0	0	0	1	0	1	1	0	1	0	1	1	1	1	0	0	0	1	1	1	1	1	0	1	0	1	0	1	1	1	0	1	1	0	0	1	1	1	1	1	1	1	1	1	0	1	1	1	0	0	1	1	0	0	1	1	0	1	0	1	1	0	1	0	1	1	0	0	0	1	0	1	1	0	1	1	1	1	0	1	0	0	0	0	1	1	1	1	0	0	1	1	1	1	0	1	1	0	1	1	1	0	1	0	1	1	0	0	1	1	0	1	0	1	1	0	0	0	1	0	1	0	1	1	0	1	1	1	1	1	0	0	1	0	0	1	1	1	1	0	0	1	1	1	0	1	0	0	1	0	0	1	0	1	0
ind28	5	0	0	0	1	0	1	1	0	1	0	1	0	0	0	0	1	0	1	1	0	1	0	1	1	1	1	1	0	0	1	1	1	1	1	0	1	0	1	0	1	1	1	0	1	1	0	0	1	0	1	1	1	1	1	1	1	0	1	1	1	0	0	1	1	0	0	1	1	0	1	0	1	1	0	1	0	1	1	0	1	0	1	0	0	1	0	1	1	0	1	1	1	0	0	0	1	1	1	1	1	0	0	1	1	1	1	0	1	1	0	1	1	1	0	1	0	1	1	0	0	1	1	0	1	0	1	1	0	0	0	0	0	1	0	1	1	0	1	1	1	1	1	0	0	1	0	0	1	1	1	1	1	1	1	1	1	0	1	0	0	1	0	0	1	0	1	0
ind29	5	0	0	0	1	0	1	1	0	1	0	1	0	0	0	0	1	0	1	1	0	1	0	1	1	1	1	0	1	0	1	1	1	1	1	0	1	0	1	0	1	1	1	0	1	1	1	1	1	0	1	1	1	1	1	1	1	0	1	1	1	0	0	1	1	0	0	1	1	0	1	0	0	1	1	1	0	1	1	0	1	0	1	0	1	1	0	1	1	0	1	1	1	0	0	0	1	1	1	1	1	0	0	1	1	1	1	0	1	1	0	1	1	1	0	1	1	1	1	0	0	1	1	1	1	0	1	1	0	0	0	1	0	1	0	1	1	0	1	1	1	1	1	0	0	1	0	0	1	1	0	1	1	0	1	1	1	0	1	0	0	1	0	0	1	0	1	0
ind30	6	0	0	0	1	0	0	0	0	1	0	1	0	0	0	0	1	0	1	1	0	1	0	1	1	1	1	1	1	0	1	1	1	1	1	0	1	0	0	0	1	1	1	0	1	1	0	1	0	0	1	1	1	1	1	1	1	0	1	1	1	0	0	1	1	0	0	1	1	0	1	0	0	1	0	1	0	1	1	0	0	0	1	0	1	1	1	1	1	0	1	1	1	0	0	0	0	1	0	1	1	0	1	0	1	1	1	0	1	1	0	1	1	1	0	1	0	1	1	0	0	1	1	1	1	0	0	1	0	0	0	0	0	1	0	1	1	0	1	1	1	1	1	1	0	1	0	0	1	1	1	1	0	1	1	1	1	0	1	0	0	1	0	0	0	1	1	0
ind31	6	1	0	0	0	0	1	1	0	1	0	1	0	0	0	0	1	0	1	1	0	1	0	0	1	1	1	1	0	0	1	1	1	1	1	0	1	0	1	1	1	1	0	0	1	1	0	0	1	0	1	1	1	1	1	1	1	0	1	1	1	0	0	1	1	0	0	1	1	0	1	0	0	1	0	1	0	1	1	0	1	0	1	0	1	1	1	1	1	0	1	1	1	0	0	0	1	1	0	1	1	0	1	0	1	1	1	0	1	1	0	1	1	1	0	1	0	1	1	0	0	1	1	0	0	0	0	1	0	1	0	0	0	1	0	1	1	0	1	1	1	1	1	1	0	1	0	0	1	1	1	1	0	1	1	1	1	0	1	0	0	1	0	0	0	0	1	0
ind32	7	0	0	0	1	0	0	0	0	1	0	1	0	0	0	1	1	0	1	1	0	1	0	1	1	1	1	1	1	0	1	1	1	1	1	0	1	0	1	0	1	1	0	0	1	1	0	0	1	0	1	1	1	1	1	1	1	0	1	1	1	0	0	1	1	0	0	1	1	0	1	0	0	1	0	1	0	1	1	0	1	0	1	0	1	0	1	1	1	0	1	1	1	0	0	0	1	1	0	1	1	0	0	0	1	1	1	0	1	0	1	1	1	1	1	1	1	1	1	0	0	1	1	1	1	1	0	1	0	0	0	0	0	1	0	1	1	0	1	1	1	1	1	0	0	1	0	0	1	1	1	1	0	0	1	1	1	0	1	0	0	1	0	0	0	1	1	0
ind33	7	0	0	1	1	1	1	1	0	1	0	1	0	0	1	0	1	0	0	1	0	1	0	1	1	1	1	1	0	0	1	1	1	1	1	0	1	0	1	0	1	1	1	0	1	1	0	0	1	0	1	1	1	1	1	1	1	1	1	1	1	0	0	1	1	0	0	1	1	0	1	1	0	1	1	1	0	1	1	0	1	0	1	0	1	0	1	1	1	0	1	0	1	0	0	0	1	1	0	1	1	0	0	0	1	1	1	0	1	1	0	1	1	1	0	1	0	1	1	0	0	1	1	1	1	0	1	1	0	0	0	0	0	1	0	1	1	0	1	1	1	1	1	0	0	1	0	0	1	1	1	1	0	1	1	1	1	0	1	0	0	1	0	0	0	1	1	0
ind34	7	0	0	1	1	0	0	0	0	1	0	1	0	0	0	1	1	0	1	1	0	1	0	1	1	1	1	1	0	0	1	1	1	1	1	0	1	0	1	0	1	1	1	0	1	1	0	1	1	0	1	1	1	1	1	1	1	1	1	1	1	0	0	1	1	0	0	1	1	0	1	0	0	0	1	1	0	1	1	0	0	0	1	0	1	0	0	1	0	0	1	1	1	0	1	0	1	1	0	1	1	0	0	0	1	1	1	1	1	1	0	1	1	1	1	1	1	1	1	0	0	1	1	1	1	0	1	1	0	1	0	0	0	1	0	1	1	0	0	1	1	1	1	1	0	1	0	0	1	1	1	1	1	1	1	1	1	0	1	0	0	1	0	0	0	1	1	0
ind35	8	0	0	0	1	0	1	1	0	1	0	1	0	0	0	0	1	0	1	1	0	1	0	1	0	1	1	1	0	0	1	1	1	1	1	0	1	1	0	0	1	1	0	0	1	1	0	1	1	0	1	1	1	1	1	1	1	0	1	1	1	0	0	1	1	0	0	1	1	0	1	0	1	1	1	1	0	1	1	0	1	0	1	0	0	0	0	1	0	0	1	1	1	0	0	0	0	1	0	1	1	0	1	1	1	1	1	0	1	1	0	1	1	1	0	1	1	0	1	0	0	0	1	1	1	0	1	1	0	0	0	0	0	1	0	1	1	0	1	1	1	1	1	1	0	1	0	0	1	1	1	1	0	1	1	1	1	0	1	0	0	1	0	0	0	0	1	0
ind36	8	0	0	0	1	0	1	1	0	1	0	1	0	0	0	0	1	0	1	1	0	1	0	1	1	1	1	1	0	0	1	1	1	1	1	0	1	0	0	0	1	1	1	0	1	1	0	0	0	0	1	1	1	1	1	1	0	0	1	1	1	0	0	1	1	0	0	1	1	0	1	0	0	1	0	1	0	1	1	0	1	0	1	0	1	1	0	1	1	0	1	0	1	0	0	0	1	1	1	1	1	0	0	1	1	1	1	0	1	1	0	1	1	1	0	1	0	1	1	0	0	1	1	1	1	0	0	1	0	0	0	0	0	1	0	1	1	0	1	1	1	1	1	0	0	1	0	0	1	1	1	1	0	1	1	1	1	0	1	0	0	1	0	0	1	1	1	0
ind37	8	0	0	1	1	0	1	1	0	1	0	1	0	0	0	0	1	0	1	1	0	1	0	1	1	1	1	0	0	0	1	1	1	1	1	0	1	0	1	0	1	1	1	0	1	1	1	1	1	0	1	1	1	1	1	1	1	0	1	1	1	0	0	1	1	0	0	1	1	0	1	0	0	1	1	1	0	1	1	0	0	0	1	0	1	0	0	1	1	0	1	0	1	0	0	0	1	1	0	1	1	0	0	1	1	1	1	0	1	1	0	1	1	1	0	1	0	1	1	0	0	1	1	1	1	0	0	1	0	0	0	0	0	1	0	1	1	0	1	1	1	1	1	0	0	1	0	0	1	1	1	1	0	1	1	1	1	0	1	0	0	1	0	0	1	0	1	0
ind38	8	0	0	0	1	0	1	1	0	1	0	1	0	0	0	0	1	0	1	1	0	1	0	0	1	1	1	1	1	0	1	1	1	1	1	0	1	0	0	0	1	1	0	0	1	1	1	0	1	0	1	1	1	1	1	1	0	1	0	1	1	0	0	1	0	0	0	1	1	0	1	0	1	1	0	1	0	1	1	0	1	0	1	0	1	0	0	1	1	0	1	1	1	0	0	0	0	1	0	1	1	0	0	0	1	1	1	0	1	1	0	1	1	1	1	1	0	1	1	0	0	1	1	1	1	1	0	1	0	0	0	0	1	1	0	1	1	0	1	1	1	1	1	0	0	0	0	0	1	1	1	1	1	1	1	1	1	0	1	1	1	1	0	0	0	1	1	0
ind39	8	1	0	0	1	0	1	0	0	1	0	1	0	0	0	0	1	0	1	1	0	1	0	1	1	1	1	1	0	0	1	1	1	1	1	0	1	0	0	0	1	1	1	0	1	1	1	0	1	0	1	1	1	1	1	1	1	0	0	1	1	0	0	1	1	0	0	1	1	0	1	0	0	1	1	1	0	1	1	0	0	0	1	0	1	1	0	1	1	1	1	0	1	0	1	0	0	1	0	1	1	0	0	1	1	1	1	0	1	1	0	1	1	1	0	1	0	1	1	0	0	1	1	1	1	0	1	1	0	0	0	0	0	1	0	1	1	0	1	1	1	1	1	1	0	1	0	0	1	1	1	1	1	1	1	1	1	0	1	0	0	1	0	0	0	0	1	0
ind40	8	1	0	0	1	0	1	1	0	1	0	1	0	0	0	0	1	0	1	1	0	1	0	1	1	1	1	1	0	0	1	1	1	1	1	0	1	0	1	0	1	1	1	0	1	1	0	1	1	0	1	1	1	1	1	1	1	0	1	1	1	0	0	1	1	0	0	1	1	0	1	0	0	1	1	1	0	1	1	0	0	0	1	0	1	1	0	1	0	0	1	1	1	0	0	0	1	1	0	1	1	0	1	1	1	1	1	0	1	1	0	1	1	1	0	1	0	1	1	0	0	1	1	0	1	0	0	1	0	0	0	0	0	1	0	1	1	0	1	1	1	1	1	1	0	1	0	0	1	1	1	1	1	1	1	0	1	0	1	0	0	1	1	0	0	0	1	0
ind41	8	1	0	0	1	0	1	0	0	1	0	0	0	0	0	1	1	0	1	1	0	1	0	1	1	1	1	1	1	0	1	1	1	1	1	0	1	0	1	0	1	1	1	0	1	1	1	1	1	0	1	1	1	1	1	1	1	0	0	1	1	0	0	1	1	0	0	1	1	0	1	0	0	1	1	1	0	1	1	0	0	0	1	0	1	0	0	1	1	0	1	1	1	0	0	0	1	1	0	1	1	0	0	1	1	1	1	0	1	1	0	1	1	1	1	1	0	1	1	0	0	1	1	1	1	0	0	1	0	0	0	0	0	1	0	1	1	0	1	1	1	1	1	0	0	1	0	0	1	1	1	1	1	1	1	0	1	0	1	0	0	1	1	0	0	1	1	0
ind42	8	1	0	0	1	0	1	1	0	1	0	1	0	0	0	0	1	0	1	1	0	1	0	1	1	1	1	1	1	0	1	1	1	1	1	0	1	0	1	0	1	1	1	0	1	1	0	1	1	0	1	1	1	1	1	1	1	0	1	1	1	0	0	1	1	0	0	1	1	0	1	0	1	1	0	1	0	1	1	0	1	0	1	0	1	1	0	1	1	0	1	1	1	0	0	0	1	1	0	1	1	0	1	1	1	1	1	0	1	1	0	1	1	1	1	1	0	1	1	0	0	1	1	1	1	0	0	1	0	0	0	0	0	1	0	1	1	0	1	1	1	1	1	0	0	1	0	0	1	1	1	1	1	1	1	1	1	0	1	0	0	1	0	0	0	0	1	0
ind43	9	1	0	0	1	0	1	0	0	1	0	0	0	0	0	1	1	0	0	1	0	1	0	1	1	1	1	0	0	0	1	1	1	1	1	0	1	0	1	0	1	1	0	0	1	1	0	0	1	0	1	1	1	1	1	1	1	0	1	1	1	0	0	1	1	0	0	1	1	0	1	0	1	1	1	1	0	1	1	0	1	0	1	1	0	1	0	1	0	1	1	1	1	0	0	0	1	1	0	1	1	0	0	1	1	1	1	0	1	1	0	1	1	1	1	1	0	1	1	1	0	1	1	1	1	0	0	1	0	1	0	0	0	1	0	1	1	0	1	1	1	1	1	0	0	1	0	0	1	1	1	1	0	1	1	1	1	0	1	0	0	1	0	0	0	0	1	0
ind44	9	0	0	0	1	0	1	1	0	1	0	1	0	0	0	0	1	0	1	1	0	1	0	1	1	1	1	0	0	0	1	1	1	1	1	0	1	0	0	0	1	1	1	0	1	1	0	1	1	0	1	1	1	1	1	1	0	0	1	1	1	0	0	1	1	0	0	1	1	0	1	0	0	1	1	1	0	1	1	0	1	0	1	0	1	1	0	1	1	1	1	1	1	0	1	0	1	1	0	1	1	0	0	1	1	1	1	0	1	1	0	1	1	1	0	1	0	1	1	0	0	1	1	0	1	0	0	1	0	1	0	1	0	1	0	1	1	0	1	1	1	1	1	0	0	1	0	0	1	1	1	1	0	1	1	1	1	0	1	0	0	1	0	0	0	0	1	0
ind45	9	1	0	0	1	0	1	1	0	1	0	1	0	0	0	0	1	0	1	1	0	1	0	1	1	1	1	0	1	0	1	1	1	1	1	0	1	0	1	0	1	1	1	0	1	1	0	0	1	0	1	1	1	1	1	1	1	0	1	1	1	0	0	1	1	0	0	1	1	0	1	0	0	1	1	1	0	1	1	0	0	0	0	0	1	1	0	1	1	1	1	1	1	0	0	0	0	1	0	1	1	0	0	1	1	1	1	0	1	1	0	1	1	1	1	1	0	1	1	0	0	1	1	0	1	0	0	1	0	1	0	1	0	1	0	1	1	0	1	1	1	1	1	0	0	1	0	0	1	1	1	1	0	1	1	0	1	0	1	0	0	1	0	0	0	1	1	0
ind46	9	1	0	0	1	0	1	1	0	1	0	1	0	0	0	0	1	0	1	1	0	1	0	1	1	1	1	0	1	0	1	1	1	1	1	0	1	0	1	1	1	1	1	0	1	1	1	0	0	0	1	1	1	1	1	1	1	0	0	1	1	0	1	1	1	0	0	1	1	0	1	0	0	1	1	1	0	1	1	0	0	0	1	0	1	1	0	1	1	1	1	1	1	0	0	0	1	1	0	1	1	0	0	1	1	1	1	0	1	1	0	1	1	1	1	1	0	1	1	0	0	1	1	0	1	0	0	1	0	1	0	0	0	1	0	1	1	0	1	1	1	1	1	0	0	1	0	0	1	1	1	1	0	1	1	1	1	0	1	0	0	1	0	0	0	1	1	0
ind47	10	0	0	0	0	0	1	0	0	1	0	1	0	0	0	0	1	0	1	1	0	1	0	0	1	1	1	1	0	0	1	1	1	1	1	0	1	0	0	0	1	1	1	0	1	1	0	1	0	0	1	1	1	1	1	1	1	0	1	1	1	0	0	1	1	0	0	1	1	0	1	0	1	1	0	1	0	1	1	0	1	0	1	0	1	1	0	1	1	0	1	1	1	0	0	0	1	1	0	1	1	0	0	0	1	1	1	0	1	1	0	1	1	1	1	1	0	1	1	0	0	1	1	1	1	0	0	1	0	0	0	0	0	1	0	1	1	0	1	1	1	1	1	0	0	1	0	0	1	1	1	1	1	1	1	1	1	0	1	0	0	1	0	0	0	0	1	0
ind48	10	1	0	0	1	0	1	0	0	1	0	1	1	0	0	0	1	0	1	1	0	1	0	1	1	1	1	1	0	0	1	1	1	1	1	0	1	0	0	1	1	1	1	1	0	1	0	0	1	1	1	1	1	1	1	1	1	1	1	1	1	0	0	1	1	0	0	1	1	0	1	0	0	1	1	1	0	1	1	0	1	0	1	0	1	1	0	1	1	0	1	0	1	0	0	1	0	1	0	1	1	0	0	0	1	1	1	0	1	0	0	1	1	1	0	1	0	1	1	0	0	1	1	0	0	0	0	1	0	1	0	0	0	1	0	1	1	0	0	1	1	1	1	1	0	1	0	0	1	1	1	1	0	1	1	1	1	0	1	0	0	1	0	0	0	0	1	0
ind49	10	1	0	0	1	0	1	0	1	1	0	1	0	0	0	0	1	0	1	1	0	1	0	1	1	1	1	1	0	0	1	1	1	1	1	0	1	0	0	0	1	1	1	0	1	1	0	1	1	0	1	1	1	1	1	0	1	0	1	1	1	0	0	1	1	0	0	1	1	0	1	0	0	1	0	1	0	1	1	0	1	0	1	0	1	1	0	1	1	0	1	0	1	0	0	1	1	1	0	1	1	0	0	0	1	1	1	0	1	1	0	1	1	0	1	1	0	1	1	0	0	1	1	0	1	0	0	1	0	0	0	0	0	1	0	1	1	0	1	1	1	1	1	0	0	1	0	0	1	1	1	1	1	1	1	1	1	0	1	0	0	1	0	0	1	0	1	0
ind50	10	1	0	0	1	0	1	0	0	1	0	1	0	0	0	0	1	0	1	1	0	1	0	1	1	1	1	1	0	0	1	1	1	1	1	0	1	0	0	0	1	1	1	0	1	1	0	0	1	0	1	1	1	1	1	1	1	1	1	1	1	0	0	1	1	0	0	1	1	0	1	0	0	1	1	1	0	1	1	0	0	0	1	0	1	1	0	1	1	0	1	1	1	0	0	1	0	1	0	1	1	0	0	0	1	1	1	0	1	1	0	1	1	1	1	1	0	1	1	0	0	1	1	1	1	0	0	0	0	0	0	0	0	1	0	1	1	0	1	1	1	1	1	1	0	1	1	0	1	1	1	1	0	1	1	1	1	0	1	0	0	1	0	0	0	0	1	0
ind51	10	1	0	0	1	1	1	0	0	1	0	1	0	0	0	0	1	0	1	1	0	1	0	1	1	1	1	1	0	0	1	1	1	1	1	0	1	0	1	0	1	1	1	0	1	1	0	1	1	1	1	1	1	1	1	1	1	0	1	1	1	0	0	1	1	0	0	1	1	0	1	0	1	1	1	1	0	1	1	1	0	0	1	1	1	1	0	1	1	0	1	1	1	0	0	0	1	1	0	1	1	0	1	0	1	1	1	0	1	1	0	1	1	1	1	1	0	1	1	0	0	1	1	0	1	0	0	1	0	0	0	0	0	1	0	1	1	0	1	1	1	1	1	0	0	1	0	0	1	1	1	1	0	1	1	1	1	0	1	0	0	1	0	0	0	0	1	0
ind52	11	0	0	1	1	0	0	1	0	1	0	1	0	0	0	0	1	0	1	1	0	1	0	1	1	1	1	1	0	0	1	1	1	1	1	0	1	0	1	0	1	1	0	0	1	1	0	1	1	1	1	1	1	1	1	1	1	1	1	1	1	0	0	1	1	0	0	1	1	0	1	0	0	1	0	1	0	1	1	0	1	0	1	0	1	0	1	1	1	0	1	0	1	0	0	1	0	1	0	1	1	0	0	0	1	1	1	0	1	1	0	0	1	1	0	1	0	1	1	0	0	0	1	1	0	0	0	1	0	0	0	0	0	1	0	1	1	0	1	1	1	1	1	1	0	1	0	0	1	1	1	1	0	1	1	1	1	0	1	0	0	1	0	0	0	1	1	0
ind53	11	0	0	1	0	0	0	1	0	1	0	1	0	0	0	0	1	1	1	1	0	1	0	1	1	1	1	1	0	0	1	1	1	1	1	0	1	0	1	0	1	1	1	0	1	1	0	1	1	0	1	1	1	1	1	1	0	0	1	1	1	0	0	1	1	0	0	0	1	0	1	0	0	1	0	1	0	1	1	0	0	0	1	0	1	0	0	1	1	0	1	1	1	0	0	1	0	1	0	1	1	0	0	0	1	1	1	0	1	1	0	1	1	1	0	1	0	1	1	0	0	1	1	1	1	0	1	1	0	0	0	1	0	1	0	1	1	0	1	1	1	1	1	0	0	1	0	0	1	1	1	1	0	1	1	1	1	0	1	0	0	1	0	0	1	1	1	0
ind54	11	0	0	1	0	0	1	1	0	1	0	1	0	0	0	0	1	0	0	1	0	1	0	1	1	1	1	1	0	0	1	1	1	1	1	0	1	0	1	0	1	1	1	0	1	1	0	1	0	0	1	1	1	1	1	1	0	1	1	1	1	0	0	1	1	0	0	1	1	0	1	0	1	1	1	1	0	1	1	0	0	0	1	0	1	0	1	1	1	0	1	1	1	0	0	0	1	1	0	1	1	0	0	0	1	1	1	0	1	1	0	1	1	1	0	1	0	1	1	0	0	1	1	1	1	0	1	1	0	0	0	0	0	1	0	1	1	0	1	1	1	1	1	1	0	1	0	0	1	1	1	1	0	1	1	1	1	0	1	0	0	1	0	0	1	1	1	0
ind55	12	0	0	1	1	0	1	0	0	1	0	1	0	0	1	0	1	0	1	1	0	1	0	1	1	1	1	1	1	0	1	1	1	1	1	1	1	0	0	0	1	1	0	0	1	1	0	1	1	1	0	1	1	1	1	1	0	0	0	1	1	0	0	1	1	0	0	1	1	0	1	0	1	1	1	1	0	1	1	0	0	0	1	0	1	0	0	1	1	0	0	1	1	0	0	0	0	1	0	1	1	0	0	1	1	1	0	0	1	1	0	1	1	1	0	1	0	1	1	0	1	1	1	1	1	0	1	1	0	1	0	0	0	1	0	1	1	0	1	1	1	1	1	0	0	1	0	0	1	1	1	1	0	1	1	1	1	0	1	0	0	1	0	0	0	1	1	1
ind56	12	0	0	0	1	1	1	0	0	1	0	1	0	0	0	0	1	0	1	1	0	1	0	1	1	1	1	1	1	0	1	1	1	1	1	0	1	1	0	0	1	1	1	0	0	1	0	0	1	0	1	1	1	1	1	1	1	0	0	1	1	0	0	1	1	0	0	1	1	0	1	0	1	1	0	1	0	1	1	0	0	0	1	0	1	0	1	1	1	0	1	1	1	1	0	0	1	1	0	1	1	0	0	0	1	1	1	0	1	1	0	1	1	1	1	1	0	1	1	0	0	1	1	1	1	0	0	1	0	1	0	1	0	1	0	1	1	0	1	1	1	1	0	1	0	1	0	1	1	1	1	1	1	1	1	1	1	0	1	0	0	1	0	0	1	1	1	0
ind57	13	0	0	1	1	0	1	0	0	1	0	1	0	0	0	0	1	0	1	1	0	1	0	1	1	1	1	1	0	0	1	1	1	1	1	0	1	1	1	0	1	1	1	0	0	1	0	1	1	0	1	0	1	1	1	1	0	0	1	1	1	0	0	1	1	0	0	0	1	1	1	0	0	1	0	1	0	1	1	0	0	0	1	0	1	0	1	1	1	0	1	1	0	0	0	0	0	1	0	1	1	0	1	1	1	1	1	0	1	1	0	1	1	0	0	1	0	1	0	1	0	1	1	1	1	0	0	1	0	0	0	0	0	1	0	1	1	0	1	0	1	1	1	0	0	1	1	0	1	1	1	1	0	1	1	1	1	0	1	0	0	1	0	0	0	0	1	0
ind58	13	0	0	1	1	0	1	0	0	1	0	1	0	0	0	0	1	0	1	1	0	1	0	1	1	1	0	1	0	0	1	1	1	1	1	0	1	0	1	0	1	1	0	0	0	1	0	1	1	0	1	0	1	1	1	1	1	0	0	1	1	0	0	1	1	0	0	0	1	0	1	0	1	1	0	1	0	1	1	0	1	0	1	0	1	1	0	1	1	0	1	1	1	0	0	0	1	1	0	1	1	0	1	1	1	1	1	0	1	1	0	1	1	0	0	1	0	1	0	1	0	1	1	0	1	0	0	1	0	0	0	1	0	1	0	1	1	0	1	1	1	1	1	1	0	1	1	0	1	1	1	1	0	1	1	1	1	0	1	0	0	1	0	0	1	0	1	0
ind59	13	0	0	0	1	0	1	0	0	1	0	1	0	0	0	0	1	0	1	1	0	1	0	0	1	1	1	1	0	0	1	1	1	1	1	1	1	0	1	0	1	1	1	0	1	1	0	1	0	1	1	0	1	1	1	1	0	0	0	1	1	0	0	1	1	0	0	0	1	1	1	0	0	1	1	1	0	1	1	0	1	0	1	0	1	1	0	1	1	0	1	1	1	0	0	0	1	1	0	1	1	0	1	1	1	1	1	0	1	0	0	1	1	0	1	1	1	1	1	1	0	1	1	1	1	0	0	1	0	0	0	0	0	1	0	1	1	0	1	1	1	1	1	0	0	1	1	0	1	1	1	1	0	1	1	0	1	0	1	0	0	1	0	0	1	0	1	0
ind60	13	0	0	0	1	0	1	0	0	1	0	1	0	0	0	0	1	0	1	1	1	1	0	0	1	1	1	0	1	0	1	1	1	1	1	0	1	0	1	0	1	1	1	0	1	1	0	1	1	0	1	0	1	1	0	1	1	0	0	1	1	0	0	1	1	0	0	0	1	1	1	0	0	1	1	1	0	1	1	0	1	0	1	0	1	0	0	1	1	0	1	1	1	0	0	0	1	1	0	1	1	0	1	1	1	1	1	0	1	1	0	1	1	0	1	1	1	1	0	1	0	1	1	1	1	0	0	1	0	0	0	1	0	1	0	1	1	0	1	1	1	1	1	0	0	1	1	0	1	1	1	1	1	1	1	1	1	0	1	0	0	1	0	0	0	1	1	0
ind61	14	0	0	0	1	0	1	0	0	1	0	1	0	0	0	0	1	0	1	1	0	1	0	1	1	1	1	0	0	0	1	1	1	1	1	0	1	0	0	1	1	1	1	1	0	1	0	1	1	0	1	1	1	1	1	1	0	0	1	1	0	0	0	1	1	0	0	0	1	1	1	1	0	1	0	1	0	1	1	0	1	0	1	0	0	1	0	1	1	0	1	0	1	0	0	0	1	1	0	1	1	0	1	0	1	1	1	0	1	0	0	1	1	1	0	1	0	1	1	0	0	1	1	1	1	0	0	0	0	0	0	0	0	1	0	1	1	0	1	1	1	1	1	0	0	1	0	0	1	1	1	1	0	1	1	1	1	0	1	0	0	1	0	0	0	1	1	0
ind62	14	0	0	1	1	0	0	0	0	1	0	1	0	0	0	0	1	0	1	1	0	1	0	1	1	1	1	1	0	0	1	1	1	1	1	0	1	0	0	0	1	1	1	0	1	1	0	1	1	0	1	1	1	1	1	1	0	0	1	1	0	0	0	1	1	0	0	0	1	0	1	0	1	0	1	1	0	1	1	0	1	0	1	0	1	1	0	1	1	0	1	0	1	0	0	0	1	1	0	1	1	0	0	0	1	1	1	0	1	1	0	1	1	1	1	1	0	1	1	0	0	1	1	0	1	0	0	1	0	0	0	0	0	1	0	1	1	0	1	1	1	1	0	1	0	1	0	0	1	1	1	1	1	1	1	1	1	0	1	0	0	1	0	0	1	1	1	0
ind63	14	0	0	1	1	0	0	1	0	1	0	1	0	0	0	0	1	0	0	1	0	1	0	1	1	1	1	0	0	0	1	1	1	1	1	0	1	0	1	0	1	1	1	0	1	1	0	1	0	0	1	1	1	1	1	1	0	0	1	1	1	0	0	1	1	0	0	1	1	1	1	0	0	0	1	1	0	1	1	0	1	0	1	0	1	1	0	1	1	0	1	1	0	0	0	0	1	1	0	1	1	0	0	1	1	1	1	0	1	1	0	1	1	1	0	1	0	1	1	0	0	0	1	1	1	0	0	1	0	0	0	0	0	1	0	1	1	1	0	1	1	1	1	1	0	1	0	0	1	1	1	1	0	1	1	1	1	0	1	0	0	1	0	0	0	1	1	0
ind64	14	0	1	0	1	0	0	1	0	1	0	1	0	0	0	0	1	0	1	1	0	1	0	1	1	1	1	1	0	0	1	1	1	1	1	0	1	0	1	0	1	1	1	0	1	1	0	1	1	0	1	1	1	1	1	1	0	1	1	1	1	0	0	1	1	0	0	0	1	0	1	0	0	0	1	1	0	1	1	0	1	0	1	0	0	1	0	1	1	0	1	0	1	0	0	0	1	1	0	1	1	0	1	0	1	1	1	0	1	1	0	1	1	1	0	1	0	1	1	0	0	1	1	0	1	0	0	1	0	0	0	1	0	1	0	1	1	0	1	1	1	1	1	1	0	0	1	0	1	1	1	1	1	1	1	1	1	0	1	0	0	1	1	0	0	1	1	0
ind65	14	0	0	1	1	0	1	0	0	1	0	1	0	0	0	0	1	0	1	1	0	1	0	1	1	1	1	0	0	0	1	1	1	1	1	0	1	0	1	0	1	1	1	0	1	1	0	1	1	0	1	1	1	1	1	1	0	1	0	1	1	0	0	1	1	0	0	0	1	0	1	0	1	1	1	1	0	1	1	0	0	1	1	0	1	1	0	1	1	0	1	1	1	0	0	0	1	1	0	1	1	0	1	0	1	1	1	0	1	1	0	1	1	1	0	1	0	1	1	0	0	1	1	1	1	0	0	1	0	0	0	0	0	1	1	1	1	0	1	1	1	1	1	0	0	0	1	0	1	1	1	1	1	1	1	1	1	0	1	0	0	1	0	0	0	1	1	0
ind66	15	0	1	0	1	0	1	0	0	1	0	1	0	0	0	0	1	0	1	1	0	1	0	1	1	1	1	1	0	0	1	1	1	1	1	0	1	0	1	0	1	1	1	0	1	1	0	1	0	0	1	1	1	1	1	1	1	1	1	1	1	0	0	1	1	0	0	1	1	0	1	0	0	1	0	1	0	1	1	0	0	0	1	0	1	0	0	1	1	0	1	1	1	0	0	0	1	1	0	1	1	0	0	1	1	1	1	0	1	1	0	1	1	1	1	1	0	1	1	0	0	1	1	1	1	0	0	1	0	1	0	1	0	1	0	1	1	0	1	1	1	1	1	0	0	1	0	0	1	1	0	1	1	1	1	1	1	0	1	0	0	1	0	0	1	0	1	0
ind67	15	0	0	0	1	0	1	0	0	1	0	1	0	0	0	1	1	0	1	1	0	1	0	1	1	1	1	1	0	0	1	1	1	1	1	0	1	0	1	0	1	1	1	0	1	1	0	0	1	0	1	1	1	1	1	1	1	1	1	1	1	0	0	1	1	0	0	1	1	0	1	0	0	1	0	1	0	1	1	0	0	0	1	0	1	1	0	1	0	0	1	1	1	0	0	1	0	1	0	1	1	0	1	1	1	1	1	0	1	1	0	1	1	1	0	1	0	1	1	0	0	0	1	1	1	0	0	1	0	1	0	1	0	1	0	1	1	0	1	1	1	1	1	0	0	1	0	0	1	1	1	1	1	1	1	1	1	0	1	0	0	1	0	0	1	1	1	0
ind68	15	0	0	1	1	0	1	1	0	1	0	1	0	1	0	0	1	0	1	1	0	1	0	0	1	1	1	1	0	0	1	1	1	1	1	0	1	0	1	0	1	1	1	0	1	1	0	0	1	0	1	1	1	1	1	1	1	0	1	1	1	0	1	1	1	0	0	1	1	0	1	0	1	1	1	1	0	1	1	0	1	0	1	0	1	0	0	1	1	0	1	1	1	0	0	0	0	1	0	1	1	0	1	0	1	1	1	0	1	1	0	1	1	1	0	1	0	1	1	0	0	1	1	1	1	0	0	1	0	0	0	0	0	1	0	1	1	0	1	1	1	1	1	0	0	1	0	0	1	1	1	1	1	1	1	1	1	0	1	0	0	1	0	0	0	0	1	0
ind69	15	1	0	0	1	0	0	0	0	1	0	1	0	0	0	0	1	0	1	1	0	1	0	1	1	1	1	1	0	0	1	1	1	1	1	0	1	1	0	0	1	1	1	0	1	1	0	0	1	0	1	1	1	1	1	1	1	0	1	1	1	0	0	1	1	0	0	1	1	0	1	0	1	1	1	1	0	1	1	0	0	0	1	1	1	1	0	1	1	0	1	1	1	0	0	0	1	1	1	1	1	0	1	1	1	1	1	0	1	1	0	1	1	1	0	1	1	1	1	0	0	0	1	1	1	0	0	1	0	0	0	0	0	1	0	1	1	0	1	1	1	1	1	0	0	1	0	0	1	1	1	1	0	1	1	1	1	0	1	0	0	1	0	0	0	1	1	0
ind70	15	0	0	1	1	0	1	1	0	1	0	1	0	1	0	0	1	0	1	1	0	1	0	1	1	1	1	1	1	1	1	1	1	1	1	0	1	0	0	0	1	0	1	0	1	1	0	0	1	0	1	1	1	1	1	1	1	0	0	1	1	0	0	1	1	0	0	1	1	0	1	0	0	1	0	1	0	1	1	0	1	0	1	1	1	1	0	1	1	1	1	0	1	0	0	0	1	1	0	1	1	0	0	1	1	1	1	0	1	1	0	1	1	1	0	1	0	1	1	0	0	1	1	1	1	0	1	1	0	0	0	0	0	1	0	1	1	0	1	1	1	1	1	1	0	1	0	0	1	1	1	1	0	1	1	1	1	0	1	0	0	1	0	0	0	1	1	0
ind71	16	0	1	0	1	0	1	1	0	1	0	1	0	0	0	0	1	0	1	1	0	1	0	1	1	1	1	1	1	0	1	1	1	1	1	0	1	0	1	0	1	1	1	0	1	1	0	0	1	0	1	1	1	1	1	1	1	0	1	1	1	0	0	1	1	0	0	0	1	0	1	0	0	1	1	1	0	1	1	0	1	0	1	0	1	0	0	1	1	0	1	1	1	0	0	0	1	1	0	1	1	0	0	0	1	1	1	0	1	1	0	1	1	1	1	1	0	1	1	0	0	1	1	0	1	0	0	1	0	1	0	0	0	0	0	1	1	0	1	1	1	1	1	1	0	1	0	0	1	1	1	1	1	0	1	1	1	0	1	0	0	1	0	0	0	1	1	0
ind72	16	1	0	0	1	0	1	1	0	1	0	1	0	0	0	0	1	0	1	1	0	1	0	1	1	1	1	1	0	0	1	1	1	1	1	0	1	0	1	0	1	1	1	0	1	1	0	1	1	1	1	1	1	1	1	1	1	0	1	1	1	0	0	1	1	0	0	1	1	0	1	0	1	1	1	1	0	1	1	0	1	0	1	0	1	0	1	1	1	0	0	0	1	0	0	0	1	1	0	1	1	0	0	0	1	1	1	0	1	1	0	1	1	1	1	1	0	1	1	0	0	1	1	1	1	0	0	1	0	0	0	1	0	1	0	1	1	0	1	1	1	1	1	0	0	1	0	0	1	1	1	1	0	1	1	0	1	0	1	0	0	1	0	0	0	0	1	0
ind73	16	1	0	0	1	0	1	1	0	1	0	1	0	0	0	0	1	0	1	1	0	1	0	1	1	1	1	1	1	0	1	1	1	1	1	0	1	0	0	0	1	1	1	0	1	1	0	0	1	0	1	1	1	1	1	1	1	0	1	1	1	0	0	1	1	0	0	1	1	0	1	0	1	1	1	1	0	1	1	0	0	0	1	0	1	1	0	1	1	0	1	1	1	0	0	0	1	1	0	1	1	0	0	0	1	1	1	0	1	1	0	1	1	1	1	1	0	1	1	0	0	1	1	0	1	0	0	1	0	0	0	0	0	1	0	1	1	0	1	1	1	1	1	1	0	1	1	0	1	1	1	1	1	1	1	1	1	0	1	0	0	1	1	0	0	0	1	0
ind74	16	0	1	0	1	0	1	1	0	1	0	1	0	0	0	0	1	0	1	1	0	1	0	1	1	1	1	1	0	0	1	1	1	1	1	0	1	1	1	0	1	1	1	0	1	1	0	0	1	1	1	1	1	1	1	1	1	0	1	1	1	0	0	1	1	0	0	1	1	0	1	0	0	1	1	1	0	1	1	0	1	0	1	0	1	1	0	1	1	0	1	1	1	0	0	0	1	1	0	1	1	0	1	0	1	1	1	0	1	1	0	1	1	1	1	1	0	1	1	0	0	0	1	0	1	0	1	1	0	1	0	1	0	1	0	1	1	0	1	1	1	1	1	0	0	1	1	0	1	1	1	1	1	1	1	0	1	0	1	0	0	1	0	0	0	1	1	0
ind75	16	0	1	0	1	0	0	0	0	1	0	1	0	0	0	0	1	0	1	1	0	1	0	1	1	1	1	1	1	0	1	1	1	1	1	0	1	0	0	0	1	1	1	0	1	1	0	1	0	0	1	1	1	1	1	1	1	0	1	1	1	0	0	1	1	0	0	1	1	0	1	0	0	0	1	1	0	1	1	0	1	0	1	0	0	1	0	1	0	0	1	1	1	0	0	0	1	1	0	1	1	0	0	0	1	1	1	0	1	1	0	1	1	1	0	1	0	1	1	0	0	1	1	1	1	0	0	1	0	1	0	0	0	1	0	1	1	0	1	1	0	1	1	0	0	1	0	0	1	1	1	1	1	1	1	1	1	0	1	0	0	1	0	0	0	1	1	0
ind76	16	0	0	1	1	0	1	0	0	1	0	1	0	0	0	0	1	0	1	1	0	1	0	1	1	1	1	1	0	0	1	1	1	1	1	0	1	0	0	0	1	1	1	0	1	1	0	0	0	0	1	1	1	1	1	1	1	0	1	1	1	0	0	1	1	0	0	1	1	0	1	0	1	1	1	1	0	1	1	0	1	0	1	0	1	0	1	1	1	0	1	1	1	0	0	0	1	1	0	1	1	0	0	1	1	1	1	0	1	1	0	1	1	1	0	1	1	1	1	0	0	1	1	0	1	0	1	1	0	0	0	0	0	0	1	1	1	0	1	1	1	1	0	1	0	1	0	0	1	1	1	1	0	1	1	1	1	0	1	0	0	1	0	0	0	0	1	0
ind77	16	0	0	0	1	0	1	0	0	1	0	1	0	1	0	0	1	0	1	1	0	1	0	1	1	1	1	1	0	0	1	1	1	1	1	0	1	0	1	0	1	1	1	0	1	1	0	0	1	0	1	1	1	1	1	1	0	0	1	0	1	0	0	1	1	0	0	1	1	0	1	0	0	1	0	1	0	1	1	0	1	0	1	0	1	1	0	1	1	1	1	1	1	0	0	0	1	1	0	1	1	0	0	1	1	1	1	0	1	1	0	1	1	1	0	1	1	1	1	0	0	1	1	1	1	0	0	1	0	0	0	0	0	1	0	1	1	0	1	1	1	1	1	1	0	1	1	0	1	1	1	1	1	1	1	1	1	0	1	0	0	0	0	0	0	1	1	0
ind78	16	0	0	0	1	0	1	0	0	1	0	1	0	0	0	0	1	0	1	1	0	1	0	1	1	1	1	1	1	0	1	1	1	1	1	1	1	0	1	0	1	1	1	0	1	1	0	0	1	1	1	1	1	1	1	1	1	1	1	1	1	0	0	1	1	0	0	0	1	0	1	0	1	1	0	1	0	1	1	0	1	0	1	1	1	1	0	1	1	1	1	1	1	0	0	1	0	1	0	1	1	0	0	0	1	1	1	0	1	1	0	1	1	1	0	1	1	1	1	0	0	1	1	1	1	0	0	1	0	0	0	1	0	1	0	1	1	0	1	1	1	1	1	1	0	1	0	0	1	0	1	1	0	1	1	1	1	0	1	0	0	1	0	0	0	1	1	0
ind79	17	0	0	0	1	0	0	0	0	1	0	1	0	0	0	0	1	0	1	1	0	1	0	1	1	1	1	1	0	0	1	1	1	1	1	0	1	0	0	0	1	1	1	0	1	1	0	0	1	0	1	1	1	1	1	1	1	0	0	1	1	0	0	1	1	0	0	1	1	0	1	0	1	1	0	1	0	1	1	0	1	0	1	0	1	0	0	1	1	0	1	1	1	0	0	0	0	1	0	1	1	0	1	0	1	1	1	0	1	1	0	1	1	1	0	1	1	1	1	1	0	1	1	1	1	0	0	1	0	0	0	0	0	1	0	1	1	0	1	1	1	1	0	1	0	1	0	0	1	1	1	1	1	1	1	1	1	0	1	0	0	1	0	0	0	1	1	0
ind80	17	0	1	0	1	0	0	0	0	1	0	1	0	0	0	1	1	0	1	1	0	1	0	1	1	1	1	1	1	0	1	1	1	1	1	0	1	0	0	0	1	1	0	0	1	1	0	1	1	0	1	1	1	1	1	1	1	0	0	1	1	0	0	1	1	0	0	1	1	0	1	0	1	1	0	1	0	1	1	0	1	0	1	0	1	0	0	1	1	0	1	1	1	0	0	0	0	1	0	1	1	0	1	0	1	1	1	0	1	1	0	1	1	1	0	1	1	1	1	0	0	1	1	1	1	0	0	1	0	0	0	0	0	1	0	1	1	0	1	1	1	1	1	1	0	1	1	0	1	1	1	1	1	1	1	1	1	0	1	0	0	1	0	0	1	0	1	0
ind81	17	0	0	0	1	0	0	0	0	1	0	1	0	0	0	1	0	0	1	1	1	1	1	1	1	1	1	1	1	0	1	1	1	1	1	0	1	1	0	0	1	1	0	0	1	1	0	1	1	0	1	1	0	1	1	1	1	0	1	1	1	0	0	1	1	0	1	1	1	0	1	0	0	1	1	1	0	1	1	0	1	0	1	0	1	0	0	1	1	0	1	0	1	0	0	0	0	1	0	1	1	0	1	0	1	1	1	0	1	1	0	1	0	1	0	1	1	1	1	1	1	1	1	1	1	0	1	1	0	1	0	0	0	1	0	1	1	0	1	1	1	1	1	0	0	1	1	0	1	1	1	1	1	0	1	1	1	0	1	0	0	1	0	0	1	1	0	0
ind82	18	0	0	1	1	0	0	1	0	1	0	1	0	0	0	0	1	0	1	1	0	1	0	1	0	1	1	0	0	0	1	1	1	1	1	0	1	0	1	0	1	1	1	0	1	1	0	0	0	0	1	1	1	1	1	1	0	0	1	1	1	0	0	1	1	0	0	1	1	0	1	0	1	1	1	1	0	1	1	0	0	0	1	0	1	0	0	1	1	0	1	1	1	0	0	0	1	1	1	1	1	0	0	1	1	1	1	0	1	1	0	1	1	1	0	1	0	1	1	0	0	1	1	1	1	0	0	1	0	0	0	0	0	1	0	1	1	0	1	1	1	1	1	1	0	1	0	0	1	1	1	1	1	1	1	1	1	0	1	0	0	1	0	0	0	1	1	0
ind83	18	0	0	0	0	0	1	1	0	1	1	1	0	0	0	0	1	0	1	1	0	1	0	0	1	1	1	1	1	0	1	1	1	1	1	0	1	0	1	0	1	1	0	0	1	1	0	0	1	0	1	1	1	1	1	1	0	0	1	1	1	0	0	1	1	0	0	1	1	0	1	0	1	1	1	1	0	1	1	0	0	0	1	0	1	0	0	1	1	0	1	1	1	0	0	0	1	1	0	1	1	0	0	1	1	1	1	0	1	1	0	1	1	1	1	1	0	1	1	0	0	1	1	1	1	0	0	1	0	0	0	0	0	1	0	1	1	0	1	1	1	1	1	1	0	1	0	0	1	1	1	1	1	1	1	1	1	0	1	0	0	1	0	0	0	1	1	0
ind84	18	1	0	0	1	0	0	0	0	1	0	1	0	0	0	0	1	0	1	1	0	1	0	1	1	1	1	1	1	0	1	1	1	1	1	0	1	0	1	0	1	1	1	0	1	1	0	0	1	0	1	1	1	1	1	1	0	1	0	1	1	0	0	1	1	0	0	1	1	0	1	0	0	1	1	1	0	1	1	0	0	0	1	0	1	0	0	1	1	0	1	0	1	0	0	0	1	1	0	1	1	0	0	1	1	1	1	0	1	1	0	1	1	1	1	1	0	1	1	1	0	1	1	1	1	0	0	1	0	0	0	1	0	1	0	1	1	0	1	1	1	1	1	1	0	1	0	0	1	1	1	1	1	0	1	1	1	0	1	0	0	1	0	0	0	1	1	0
ind85	18	0	1	0	1	0	0	1	0	1	0	1	0	0	0	0	1	0	1	1	0	1	0	1	1	1	1	1	1	0	1	1	1	1	1	0	1	0	1	0	1	1	1	0	1	1	0	0	1	1	1	1	1	1	1	1	1	1	0	1	1	0	0	1	1	0	0	0	1	0	1	0	1	1	0	1	0	1	1	0	1	0	1	0	1	0	1	1	0	0	1	1	1	0	0	0	0	1	0	1	1	0	1	1	1	1	1	0	1	1	0	1	1	1	1	1	0	1	1	0	0	1	1	1	1	0	0	1	0	0	0	0	0	1	0	1	1	0	1	1	1	1	1	1	0	1	1	0	1	1	1	0	1	0	1	1	1	0	1	0	1	1	0	0	1	1	1	0
ind86	18	0	0	1	1	0	1	0	0	1	0	1	0	0	0	0	1	0	1	1	0	1	0	1	1	1	1	0	1	0	1	1	1	1	1	0	1	0	1	0	1	1	1	0	1	1	0	1	1	0	1	1	1	1	0	1	0	0	1	1	1	0	0	1	1	0	1	1	1	0	1	0	1	1	0	1	0	1	1	0	1	0	1	0	1	0	0	1	1	1	1	1	1	0	0	0	1	1	0	1	1	0	0	1	1	1	1	0	1	1	0	1	1	1	1	1	1	1	1	0	0	1	1	1	1	0	0	1	0	0	0	0	0	1	0	1	1	0	1	1	1	1	1	1	0	1	0	0	1	1	1	1	1	0	1	1	1	1	1	0	0	1	0	0	0	1	1	0
ind87	19	0	0	0	0	0	1	1	0	1	0	1	0	0	0	0	1	0	1	1	0	1	0	1	1	1	1	0	1	0	1	1	1	1	1	0	1	0	0	0	1	1	1	0	1	1	1	1	1	0	1	1	1	1	1	1	0	1	0	1	1	0	0	1	1	0	0	1	1	0	1	0	0	1	0	1	0	1	1	0	1	0	1	0	1	1	1	0	0	0	1	1	1	0	0	0	0	1	0	1	1	0	0	0	1	1	1	0	1	1	0	1	1	1	1	1	0	1	1	0	0	1	1	1	1	0	0	1	0	1	0	0	1	1	0	1	1	0	0	1	1	1	1	1	0	1	0	0	1	1	1	1	0	1	1	1	0	1	1	0	0	1	0	0	0	1	1	0
ind88	19	1	0	0	1	0	1	1	0	1	0	1	0	0	0	0	1	0	1	1	0	1	0	1	1	1	1	0	0	0	1	1	1	1	1	0	1	0	1	0	1	1	1	0	1	1	0	0	1	0	1	1	0	1	1	1	0	1	1	1	1	0	0	1	1	0	0	1	1	0	1	0	0	1	0	1	0	1	1	0	0	0	1	0	1	0	0	1	1	1	1	1	1	0	0	0	1	1	0	1	1	0	0	0	1	1	1	0	1	1	0	1	1	1	1	1	0	1	1	0	0	1	1	1	1	0	0	1	0	0	0	0	0	1	0	1	1	0	1	1	1	1	1	1	0	1	0	0	1	1	1	1	1	1	1	0	1	0	1	0	0	1	0	0	0	1	1	0
ind89	20	1	0	0	1	1	1	1	0	1	0	1	0	0	0	0	1	0	1	1	0	1	0	1	1	1	1	1	1	1	1	1	1	1	0	0	1	1	0	0	1	1	1	0	1	1	0	1	1	0	1	1	1	0	1	1	1	0	0	1	1	0	1	1	1	0	0	0	1	0	1	0	0	1	0	1	0	1	1	0	1	0	0	0	0	0	0	1	0	0	1	1	1	0	0	0	0	1	0	1	1	0	0	0	1	1	1	0	1	0	1	1	0	1	1	1	0	1	1	0	0	1	1	1	1	0	0	0	0	1	0	0	0	1	1	1	1	0	1	1	0	1	0	0	0	0	0	1	0	0	1	1	1	1	1	1	1	0	1	0	0	1	0	0	0	1	1	0
ind90	20	1	0	0	1	0	1	1	0	1	0	1	0	0	0	0	1	0	1	1	0	1	0	1	1	1	1	1	1	0	1	1	1	1	1	0	1	1	0	0	1	1	0	0	1	1	0	1	0	0	1	1	1	1	1	1	0	0	1	1	1	0	0	1	1	0	0	1	1	0	1	0	1	1	1	1	0	1	1	0	0	0	1	0	1	0	0	1	0	0	1	1	0	0	0	0	0	1	0	1	1	0	1	0	1	1	1	0	1	1	0	1	1	1	0	1	0	1	1	0	0	1	1	1	1	0	0	0	0	0	0	0	0	0	0	1	1	0	1	1	1	1	1	1	0	1	0	0	1	1	0	1	1	0	1	1	1	0	1	0	0	1	0	0	1	1	1	0
ind91	20	0	1	0	1	0	1	0	0	1	0	1	0	0	0	0	1	0	1	1	0	1	0	1	1	1	1	1	0	0	1	1	1	1	1	0	1	0	0	0	1	1	1	0	1	1	0	1	1	0	1	1	1	1	1	1	1	0	1	1	1	0	0	1	1	0	0	1	1	0	1	0	1	1	1	1	0	1	1	0	1	0	1	0	1	1	0	1	1	0	1	1	1	0	0	0	0	1	0	1	1	0	0	0	1	1	1	0	1	1	0	1	1	1	0	1	0	1	1	0	0	1	1	1	1	0	0	0	0	0	0	0	0	1	0	1	1	0	1	1	1	1	1	1	0	1	0	0	1	1	1	1	1	1	1	1	1	0	1	0	0	1	0	0	0	1	1	0
ind92	20	0	1	0	1	0	1	0	0	1	0	1	0	0	0	0	1	0	1	1	0	1	0	1	1	1	1	1	0	0	1	1	1	1	0	0	1	1	0	0	1	1	1	0	1	1	0	1	1	0	1	1	1	1	1	1	1	0	0	1	1	0	0	1	1	0	0	1	1	0	1	0	1	1	1	1	0	1	1	0	1	0	1	0	0	1	0	1	1	0	1	1	1	0	0	0	1	1	0	1	1	0	0	0	1	1	1	0	1	1	0	1	1	1	1	1	0	1	1	0	0	1	1	1	1	0	0	0	1	0	0	0	0	1	0	1	1	0	1	1	1	1	1	1	0	1	0	0	1	1	1	1	1	1	1	0	1	0	1	0	0	1	0	0	0	1	1	0
ind93	21	1	0	0	1	0	0	1	0	1	0	1	0	0	0	0	1	0	1	1	0	1	0	1	1	1	1	0	0	0	1	1	1	0	1	0	1	0	0	0	1	1	1	0	1	1	0	1	0	0	1	1	1	1	1	1	0	0	1	1	1	0	0	1	1	0	0	0	1	0	1	0	0	1	1	1	0	1	1	0	1	0	1	0	1	0	0	1	1	1	1	0	1	0	0	0	1	1	0	1	1	0	0	0	1	1	1	0	1	1	0	1	1	1	1	1	0	1	1	0	0	0	1	1	1	0	0	0	0	0	0	0	0	1	0	1	1	0	0	1	1	1	1	0	0	1	0	0	1	1	1	1	1	1	1	1	1	0	1	0	0	1	0	0	0	1	0	0
ind94	21	0	1	0	1	0	0	1	0	1	0	1	0	0	0	0	1	0	1	1	0	1	0	1	1	1	1	0	0	0	1	1	1	1	1	0	1	0	1	0	1	1	1	0	1	1	0	1	0	0	1	1	1	1	1	1	0	1	1	1	1	0	0	1	1	0	0	0	1	0	1	0	0	0	1	1	0	1	1	0	0	0	1	0	1	0	1	1	1	0	1	1	1	0	0	0	1	1	0	1	1	0	0	0	1	1	1	0	1	1	0	1	1	1	1	1	0	1	1	0	0	1	1	1	1	0	0	1	0	0	0	0	0	1	0	1	1	0	1	1	1	1	1	0	0	1	0	0	1	1	1	1	1	1	1	1	1	0	1	0	0	1	0	0	1	1	1	0
ind95	21	0	1	0	1	0	1	1	0	1	0	1	0	0	0	1	0	0	1	1	0	1	0	1	1	1	1	0	1	0	1	1	1	1	1	1	1	0	1	0	1	1	1	0	1	1	0	0	1	0	1	1	1	1	0	1	0	1	1	1	1	0	0	1	1	0	0	1	1	0	1	0	0	1	1	1	0	1	1	0	1	0	1	0	0	0	0	1	1	0	1	0	1	0	0	0	0	1	0	1	1	0	1	1	1	1	1	0	1	1	0	1	1	1	0	1	0	1	1	0	0	1	1	1	1	0	0	1	0	1	0	0	0	1	0	1	1	0	1	1	1	1	1	0	0	0	0	0	1	1	1	1	0	1	1	1	1	0	1	0	0	1	0	0	0	1	1	0
ind96	21	0	0	1	1	0	0	1	0	1	0	1	0	0	0	0	1	0	1	1	0	1	1	0	1	1	1	1	1	0	1	1	1	1	1	0	1	0	0	0	1	1	1	0	1	1	0	1	1	0	1	1	1	1	1	1	0	1	1	1	1	0	0	1	1	0	0	0	1	0	1	0	0	1	1	1	0	1	1	0	1	0	1	0	1	0	0	1	1	0	1	0	1	0	0	0	1	1	0	1	1	0	0	0	1	1	1	0	1	1	0	1	1	1	0	1	0	1	1	0	0	1	1	1	1	0	0	1	0	0	0	0	0	1	0	1	1	0	1	1	1	1	1	0	0	1	0	0	1	1	1	1	1	1	1	1	1	0	1	0	0	1	0	0	1	1	1	0
ind97	22	0	0	0	0	0	1	0	0	0	1	0	0	0	0	0	1	0	1	1	0	1	0	0	1	1	1	1	1	0	1	1	1	1	1	0	1	0	1	0	1	1	0	0	1	1	0	1	1	1	1	1	1	1	1	1	0	0	0	1	1	0	0	1	1	0	0	1	1	0	1	0	0	1	0	1	0	1	1	0	1	0	1	0	1	0	1	1	1	1	1	0	1	0	0	0	0	1	0	1	1	0	0	0	1	1	1	0	1	1	0	1	1	1	1	1	0	1	1	0	0	1	1	1	0	0	0	1	0	0	0	0	0	1	0	1	1	0	1	1	1	1	1	0	0	0	0	0	1	1	1	1	0	1	1	1	1	0	1	0	0	1	0	0	0	1	1	0
ind98	22	0	1	0	1	0	1	1	0	1	0	1	0	0	0	0	1	0	1	1	0	1	0	0	1	1	1	1	0	0	1	1	1	1	1	0	1	0	1	0	1	1	1	0	1	1	0	1	1	0	1	1	1	1	1	1	0	0	1	1	1	0	0	1	1	0	0	1	1	0	1	0	0	1	0	1	0	1	1	0	1	0	1	0	1	1	0	1	1	0	1	0	1	0	0	0	1	1	0	1	1	0	0	0	1	1	1	0	1	1	0	1	1	1	1	1	0	1	1	0	0	1	1	1	1	0	0	1	0	0	0	0	0	1	0	1	1	0	1	1	1	1	1	1	0	1	0	0	1	1	1	1	0	0	1	1	1	0	1	0	0	1	0	0	0	1	1	0
ind99	22	0	0	0	1	0	0	1	0	1	0	1	0	0	1	0	1	0	1	1	0	1	0	1	1	1	1	1	0	0	1	1	1	1	1	0	1	0	1	0	1	1	1	0	0	1	0	1	0	0	1	1	1	1	1	1	0	0	1	1	1	0	0	1	1	0	0	1	1	0	1	0	1	0	1	1	0	1	1	0	0	0	1	0	1	0	1	1	1	0	1	1	1	0	0	0	1	1	0	1	1	0	1	0	1	1	1	0	1	1	0	1	1	1	1	1	0	1	1	0	0	1	1	1	1	0	0	1	0	0	0	0	0	1	0	1	0	0	1	1	1	1	1	0	0	1	1	0	1	1	1	1	1	1	1	1	1	0	1	0	0	1	0	0	0	1	1	0
ind100	22	0	0	1	1	0	1	1	0	1	0	0	0	0	0	0	1	0	1	1	0	1	0	1	1	1	1	0	1	0	1	1	1	1	1	0	1	0	1	0	1	1	1	0	1	1	0	1	1	1	1	1	1	1	1	1	1	0	0	1	1	0	0	1	1	0	0	1	1	1	1	0	0	0	1	1	0	1	1	0	1	0	1	0	1	0	1	1	1	0	1	1	1	0	0	0	0	1	0	1	1	0	0	0	1	1	1	0	1	1	0	1	1	1	1	1	0	1	1	0	0	1	1	1	1	0	0	1	0	1	0	0	0	1	0	1	1	0	1	1	1	0	1	0	0	1	0	0	1	1	1	1	0	1	1	1	1	0	1	0	0	1	0	0	1	1	1	1
ind101	22	0	0	0	0	1	0	0	0	1	0	1	0	0	0	0	1	0	1	1	0	1	0	1	1	1	1	1	0	0	1	1	1	1	1	0	1	0	1	0	1	1	1	0	1	1	0	0	0	0	1	1	1	1	1	1	1	0	1	1	1	0	0	1	1	0	0	1	1	0	1	0	0	1	1	1	0	1	1	0	1	0	1	1	1	0	1	1	1	0	1	1	1	0	0	0	1	1	0	1	1	0	1	0	1	1	1	0	1	1	0	1	1	1	0	1	1	1	1	0	0	1	1	1	1	0	0	1	0	1	0	1	0	1	1	1	1	1	0	1	1	1	1	0	0	1	1	0	1	1	1	1	1	1	1	1	1	0	1	0	0	1	0	0	0	1	1	0
ind102	23	0	0	0	1	0	1	1	0	1	0	1	0	0	0	0	1	0	1	1	0	1	0	1	1	1	1	1	1	0	1	1	1	1	1	0	1	0	1	0	1	1	1	0	1	1	0	0	1	1	1	1	1	1	1	1	0	0	1	1	1	0	0	1	1	0	0	0	1	0	1	0	0	1	0	1	0	1	1	0	1	0	0	0	0	0	1	1	1	0	1	1	1	0	0	0	0	1	1	1	1	0	1	0	1	1	1	0	1	1	0	1	1	1	0	1	0	1	1	0	0	1	1	1	1	0	0	1	0	0	0	1	0	1	0	1	1	1	0	1	1	1	1	0	0	1	0	0	1	1	1	1	0	1	1	1	1	0	1	0	0	1	0	0	0	1	1	0
ind103	23	1	0	0	0	0	1	0	1	1	0	1	0	0	0	0	1	0	1	1	0	1	0	1	1	1	1	1	0	0	1	1	1	1	1	0	1	0	1	0	1	1	1	0	1	1	0	0	1	0	1	1	1	1	1	1	1	0	1	1	1	0	0	1	1	0	0	0	1	0	1	0	0	1	0	1	0	1	1	0	1	0	1	0	1	0	0	1	1	0	1	1	1	0	0	1	0	1	0	1	1	0	0	1	1	1	1	0	1	1	0	1	1	1	0	1	1	1	1	0	0	1	1	0	1	0	0	1	0	0	0	0	0	1	0	1	1	0	1	1	1	1	1	0	0	1	1	0	1	1	1	1	0	1	1	1	1	0	1	1	0	1	0	0	0	1	1	0
ind104	23	0	0	0	1	0	0	1	0	1	0	1	0	0	0	0	1	0	1	1	0	1	0	1	1	1	1	0	1	0	1	1	1	1	1	0	1	0	0	0	1	1	1	0	1	1	1	0	1	0	1	1	0	1	1	1	1	0	1	1	1	0	0	1	1	0	1	1	1	0	1	0	1	1	0	1	0	1	1	0	1	0	1	0	1	0	1	1	1	0	1	1	1	0	0	0	1	1	0	1	1	0	1	1	1	1	1	0	1	1	0	1	1	1	0	1	0	1	1	0	0	1	1	1	1	0	0	1	0	1	0	0	0	1	0	1	1	0	1	1	1	1	1	1	0	1	0	0	1	1	1	1	0	1	1	1	1	0	1	0	0	1	0	0	0	1	1	0
ind105	24	1	0	0	1	0	1	1	0	1	0	1	0	0	0	0	1	0	1	1	0	1	0	1	1	1	1	1	0	0	1	1	1	1	1	1	1	0	1	0	1	1	0	0	1	1	0	0	1	0	1	1	1	1	1	1	1	0	1	1	1	0	0	1	1	0	0	1	1	0	1	0	0	1	1	1	0	1	1	0	1	0	1	0	1	1	1	1	1	0	1	1	1	0	0	1	0	1	0	1	1	0	0	1	1	1	1	0	1	1	0	1	1	1	1	1	0	1	1	0	0	1	1	0	1	0	0	0	0	1	0	0	0	1	0	1	1	0	1	1	1	1	1	0	0	1	0	0	1	1	1	1	0	1	1	0	1	0	1	0	0	1	0	0	0	0	1	0
ind106	24	1	0	0	1	0	1	0	0	1	0	1	0	0	0	1	1	0	1	1	0	1	0	1	1	1	1	1	0	0	1	1	1	1	1	0	1	0	1	0	1	1	1	0	1	1	0	0	1	0	1	1	1	1	1	1	1	0	1	1	1	0	0	1	1	0	0	1	1	0	1	0	0	1	0	1	0	1	1	0	0	0	1	0	1	1	1	1	1	0	1	0	1	0	0	1	0	1	1	1	1	0	0	0	1	1	1	0	1	1	0	1	1	1	0	1	0	1	1	0	0	1	1	0	1	0	0	1	0	1	0	0	0	1	0	1	1	0	1	1	1	1	1	1	0	1	1	0	1	1	1	1	0	1	1	1	1	0	1	0	0	1	0	0	0	0	1	0
ind107	24	1	0	0	1	0	1	0	0	1	0	1	0	0	0	1	1	0	1	1	0	1	0	1	1	1	1	1	0	1	1	1	1	1	1	0	1	1	1	0	1	1	1	0	1	1	0	0	1	0	1	1	1	1	1	1	1	0	1	1	1	0	0	1	1	0	0	1	1	0	1	0	1	1	0	1	0	1	1	0	0	0	1	0	1	1	1	1	1	0	1	0	1	0	0	1	0	1	1	1	1	0	0	1	1	1	1	0	1	1	0	1	1	1	0	1	0	1	1	0	0	1	1	0	1	0	0	1	0	1	0	0	0	1	0	1	1	0	1	1	1	1	1	1	0	1	1	0	1	1	1	1	0	1	1	0	1	0	1	0	0	1	0	0	0	0	1	0
ind108	24	0	0	0	1	0	0	1	0	1	0	1	0	0	0	0	1	0	1	1	0	1	0	1	1	1	1	1	0	0	1	1	1	1	1	0	1	0	1	0	1	1	1	0	1	1	0	0	1	0	1	1	1	1	1	1	1	0	1	0	1	0	0	1	1	0	0	0	1	0	1	0	0	1	1	1	0	1	1	0	0	0	1	0	1	0	1	1	1	0	1	1	1	0	0	0	1	1	1	1	1	0	1	0	1	1	1	0	1	1	1	1	1	1	0	1	0	1	1	0	0	1	1	1	1	0	0	1	0	0	0	0	0	1	0	1	1	0	1	1	1	1	1	1	0	1	0	0	1	1	1	1	1	1	1	1	1	0	1	0	0	1	0	0	0	0	1	0
ind109	24	0	0	1	1	0	1	1	0	1	0	1	0	0	0	0	1	1	1	1	0	1	0	1	1	1	1	1	1	0	1	1	1	1	1	0	1	0	1	0	1	1	1	0	1	1	0	0	1	0	1	1	1	1	1	1	1	0	1	1	1	0	0	1	1	0	0	1	1	0	1	0	1	1	1	1	0	1	1	0	1	0	1	0	1	0	0	1	1	1	1	1	1	0	0	0	1	1	0	1	1	0	0	0	1	1	1	0	1	1	0	1	1	1	0	1	0	1	1	0	0	1	1	0	1	0	0	1	0	0	0	0	0	1	0	1	1	0	1	1	1	1	1	1	0	1	0	0	1	1	1	1	0	1	0	1	1	0	1	0	0	1	0	0	0	1	1	0
ind110	24	0	0	1	1	0	1	0	0	1	0	1	0	0	0	0	1	1	1	1	0	1	0	1	1	1	1	1	0	0	1	1	1	1	1	0	1	0	1	0	1	1	1	0	1	1	0	0	1	0	1	1	1	1	1	1	1	0	1	1	1	0	0	1	1	0	0	1	1	0	1	0	0	1	1	1	0	1	1	0	1	0	1	0	1	0	1	1	1	0	1	1	1	0	0	0	1	1	0	1	1	0	0	1	1	1	1	0	1	1	0	1	1	1	0	1	0	1	1	0	0	1	1	1	1	0	0	1	0	0	0	0	0	1	0	1	1	0	1	1	1	1	1	1	0	1	0	0	1	1	1	1	0	1	1	1	1	0	1	0	0	1	0	0	0	1	1	0
ind111	24	0	0	1	1	0	1	1	0	1	0	1	0	0	0	0	1	1	1	1	0	1	0	1	1	1	1	0	0	0	1	1	1	1	1	0	1	0	0	0	1	1	1	0	1	1	0	0	1	0	1	1	1	1	1	1	1	0	1	1	1	0	0	1	1	0	0	1	1	0	1	0	1	1	1	1	0	1	1	0	1	0	1	0	1	0	0	1	1	1	1	1	1	0	0	0	1	1	0	1	1	0	0	1	1	1	1	0	1	1	0	1	1	1	0	1	0	1	1	0	0	1	1	1	1	0	0	1	0	1	0	0	0	1	0	1	1	0	1	1	1	1	1	0	0	1	0	0	1	1	1	1	0	1	1	1	1	0	1	0	0	1	0	0	0	1	1	0
ind112	24	0	1	0	1	0	1	1	0	1	0	1	0	0	1	0	1	1	1	1	0	1	0	1	1	1	1	1	0	0	1	1	1	1	1	0	1	0	0	0	1	1	1	0	1	1	0	1	1	0	1	1	1	1	1	1	0	1	1	1	1	0	0	1	1	0	0	1	1	0	1	0	0	1	1	1	0	1	1	0	1	0	1	0	0	0	1	1	1	0	1	1	1	0	0	0	1	1	0	1	1	0	0	1	1	1	1	0	1	1	0	1	1	1	1	1	0	1	1	0	0	1	1	1	1	0	0	1	0	0	0	0	0	1	0	1	1	0	1	1	1	1	1	0	0	1	0	0	1	1	1	1	0	1	1	1	1	0	1	0	0	1	0	0	0	1	1	0
ind113	25	1	0	0	1	0	1	0	0	1	0	1	0	0	0	0	1	0	1	1	0	1	0	1	1	1	1	1	0	0	1	1	1	1	1	0	1	0	1	0	1	1	1	0	0	1	0	1	0	0	1	1	1	1	1	1	1	0	1	1	0	0	0	1	1	0	0	1	1	0	1	0	0	1	1	1	0	1	1	0	1	0	1	0	1	0	0	1	1	0	1	0	1	0	0	1	0	1	0	1	1	0	0	0	1	1	1	0	1	1	0	1	1	1	1	1	0	1	1	0	0	1	1	0	1	0	0	1	0	0	0	0	0	1	0	1	1	0	1	1	1	1	1	1	0	1	0	0	1	1	1	1	1	1	1	1	1	0	1	0	0	1	0	0	0	0	1	0
ind114	25	1	0	0	1	0	1	0	0	1	0	1	0	0	0	0	1	0	1	1	0	1	0	1	1	1	1	1	0	0	1	1	1	1	1	0	1	1	0	0	1	1	1	0	1	1	0	1	0	0	1	1	1	1	1	1	1	0	0	1	0	0	0	1	1	0	0	1	1	0	1	0	1	1	0	1	0	1	1	0	0	0	1	0	1	1	1	1	1	0	1	0	1	0	0	1	0	1	0	1	1	0	0	1	1	1	1	0	1	1	0	1	1	1	1	1	0	1	1	0	0	1	1	0	1	0	0	1	0	0	0	1	0	1	0	1	1	0	1	1	1	1	1	0	0	1	1	0	1	1	1	1	0	1	1	1	1	0	1	0	0	1	0	0	0	0	1	0
ind115	25	0	0	1	1	1	1	1	0	1	0	1	0	0	0	0	1	0	1	1	0	1	0	0	1	1	1	1	0	0	1	1	1	1	1	0	1	0	0	0	1	1	1	0	1	1	0	1	1	0	1	1	1	1	1	1	1	0	1	1	1	0	0	1	1	0	0	1	1	0	1	0	0	1	0	1	0	1	1	0	0	0	1	0	1	0	1	1	1	0	1	1	1	0	0	0	1	1	0	1	1	0	0	0	1	1	1	0	1	1	0	1	1	1	1	1	0	1	1	0	0	0	1	0	1	0	0	1	0	1	0	1	0	1	0	1	1	0	1	1	1	1	1	0	0	1	0	0	1	1	1	1	0	1	1	1	1	0	1	0	0	1	0	0	0	1	1	0
ind116	25	1	0	0	1	1	1	0	0	1	0	1	0	0	0	0	1	0	1	1	0	1	0	1	1	1	1	1	0	0	1	1	1	1	1	0	1	0	1	1	1	1	1	1	0	1	0	0	1	0	1	1	1	1	1	0	1	0	1	1	1	0	0	1	1	0	0	1	1	0	1	0	0	1	1	1	0	1	1	0	0	0	1	0	1	1	0	1	1	0	1	1	1	0	0	0	1	1	0	1	1	0	0	0	1	1	1	0	1	1	0	1	1	0	0	1	0	1	1	0	0	1	1	1	1	0	0	1	0	0	0	1	0	1	0	1	1	0	1	1	1	1	1	1	0	1	0	0	1	1	1	1	0	1	1	1	1	0	1	0	0	1	0	0	0	1	1	0
ind117	25	1	0	0	1	1	1	0	0	1	0	1	0	0	0	0	1	0	1	1	0	1	0	1	1	1	1	1	0	0	1	1	1	1	1	0	1	0	1	0	1	1	1	0	1	1	0	1	1	0	1	1	1	1	1	1	1	0	1	1	1	0	0	1	1	0	0	1	1	0	1	0	0	1	1	1	0	1	1	0	0	0	1	0	1	1	0	1	1	0	1	1	1	0	0	0	1	1	0	1	1	0	0	0	1	1	1	0	1	1	0	1	1	0	0	1	0	1	1	0	0	1	1	1	0	0	0	1	0	0	0	1	0	1	0	1	1	0	1	1	1	1	1	1	0	1	0	0	1	1	1	1	0	1	1	1	1	0	1	0	0	1	0	0	0	1	1	0
ind118	25	1	0	0	1	1	1	1	0	1	0	1	0	0	0	0	1	0	1	1	0	1	0	1	1	1	1	1	0	0	1	1	1	1	1	0	1	0	0	0	1	1	1	0	1	1	0	1	1	0	1	1	1	1	1	1	1	0	1	1	1	0	0	1	1	0	0	1	1	0	1	0	0	1	1	1	0	1	1	0	0	0	1	0	1	1	0	1	1	0	1	0	1	0	0	0	1	1	0	1	1	0	0	0	1	1	1	0	1	1	0	1	1	1	1	1	0	1	1	0	0	0	1	1	1	0	0	1	0	1	0	1	0	1	0	0	1	0	1	1	1	1	1	1	0	1	1	0	1	1	1	1	0	1	1	1	1	0	1	0	0	1	0	0	0	1	1	0
ind119	25	0	1	0	1	0	1	1	0	1	0	1	0	0	0	0	1	0	1	1	0	1	0	1	1	1	1	1	0	0	1	1	1	1	1	0	1	1	1	0	1	1	1	0	1	1	0	0	1	0	1	1	1	1	0	1	1	0	1	1	1	0	0	1	1	0	0	1	1	0	1	0	0	1	1	1	0	1	1	0	0	0	1	0	1	1	0	1	1	0	1	1	1	0	0	0	1	1	0	1	1	0	0	0	1	1	1	0	1	1	0	1	1	1	1	1	0	1	1	0	0	1	1	1	1	0	0	1	0	1	0	0	0	1	0	1	1	0	1	1	1	1	1	1	0	1	0	0	1	1	1	1	1	1	1	1	1	0	1	0	0	1	0	0	0	0	1	0
ind120	25	1	0	0	1	0	1	0	0	1	0	1	0	0	0	0	1	0	1	1	0	1	0	1	1	1	1	1	0	0	1	1	1	1	1	0	1	1	1	0	1	1	1	0	1	1	0	0	1	0	1	1	1	1	1	1	1	0	1	1	1	0	0	1	1	0	0	1	1	0	1	0	0	1	1	1	0	1	1	0	1	0	1	0	1	1	0	1	1	0	1	0	1	0	1	1	0	1	0	1	1	0	0	1	1	1	1	0	1	1	0	1	1	1	1	1	0	1	1	0	0	1	1	0	1	0	0	1	0	1	0	0	0	1	0	1	1	0	1	1	1	1	1	1	0	1	1	0	1	1	1	1	0	1	1	1	1	0	1	0	0	1	0	0	0	0	1	0
ind121	26	1	0	0	1	1	1	0	0	1	0	1	0	0	0	0	1	0	1	1	0	1	0	1	1	1	1	1	0	0	1	1	1	1	1	0	1	0	1	0	1	1	1	0	1	1	0	1	0	1	1	1	1	1	1	1	1	0	0	1	1	0	0	1	1	0	0	1	1	0	1	0	0	1	0	1	0	1	1	0	0	0	1	0	1	1	0	1	1	0	1	1	1	0	0	0	1	1	0	1	1	0	0	0	1	1	1	0	1	1	0	1	1	1	1	1	0	1	1	0	0	1	1	0	1	0	0	1	0	0	0	0	0	1	0	1	1	0	1	1	1	1	1	1	0	1	1	0	1	1	1	1	0	0	1	0	1	0	1	0	0	1	0	0	0	0	1	0
ind122	26	1	0	0	1	0	1	0	0	1	0	1	0	0	0	0	1	0	1	1	0	1	0	0	1	1	1	1	1	0	1	1	1	1	1	0	1	0	1	0	1	1	1	0	1	1	0	1	1	0	1	1	1	1	1	1	1	0	0	1	1	0	0	1	1	0	0	1	1	0	1	0	0	1	1	1	0	1	1	0	0	0	1	0	1	1	0	1	1	0	1	1	1	0	0	0	0	1	0	1	1	0	0	0	1	1	1	0	1	1	0	1	1	1	1	1	0	1	1	0	0	1	1	0	1	0	0	1	0	1	0	0	0	1	0	1	1	0	1	1	1	1	1	1	0	1	1	0	1	1	1	1	0	0	1	0	1	0	1	0	0	1	0	0	0	1	1	0
ind123	26	0	0	1	1	0	1	1	0	1	0	1	0	0	0	0	1	0	1	1	0	1	0	0	1	1	1	1	0	0	1	1	1	1	1	0	1	0	1	0	1	1	1	0	1	1	0	1	1	0	1	1	1	1	1	1	1	0	0	1	1	0	0	1	1	0	0	1	1	0	1	0	0	1	1	1	0	1	1	0	0	0	1	0	1	1	0	1	1	0	1	1	1	0	0	0	1	1	0	1	1	0	0	0	1	1	1	0	1	1	0	1	1	1	1	1	0	1	1	0	0	1	1	0	1	0	0	1	0	0	0	1	0	1	0	1	1	0	1	1	1	1	1	0	0	1	0	0	1	1	1	1	0	0	1	1	1	0	1	0	0	1	0	0	0	1	1	0
ind124	26	0	0	0	1	1	1	1	0	1	0	1	0	0	0	0	1	0	1	1	0	1	0	0	1	1	1	1	0	0	1	1	1	1	1	0	1	0	1	0	1	1	1	0	1	1	0	1	1	0	1	1	1	1	1	1	0	1	0	1	1	0	0	1	1	0	0	1	1	0	1	0	0	1	0	1	0	1	1	0	0	0	1	0	1	1	0	1	1	0	1	0	1	0	0	1	0	1	0	1	1	0	0	0	1	1	1	0	1	0	1	1	1	1	1	1	0	1	1	0	0	1	1	0	1	0	0	1	0	1	0	0	0	1	1	1	1	0	1	1	1	1	1	1	0	1	1	0	1	1	1	1	0	0	1	1	1	0	1	0	0	1	0	0	0	1	1	0
ind125	26	0	0	1	1	0	0	1	0	1	0	1	0	0	0	0	1	0	1	1	0	1	0	0	1	1	1	1	0	0	1	1	1	1	1	0	1	0	1	0	1	1	1	0	1	1	0	1	1	0	1	1	1	1	1	1	1	0	1	1	1	0	0	1	1	0	0	1	1	0	1	0	0	1	0	1	0	1	1	0	0	0	1	0	1	1	0	1	1	0	1	1	1	0	0	0	1	1	0	1	1	0	0	0	1	1	1	0	1	1	0	1	1	1	1	1	0	1	1	0	0	1	1	0	1	0	0	1	0	0	0	1	0	1	0	1	1	0	1	1	1	1	1	1	0	1	1	0	1	1	1	1	0	0	1	1	1	0	1	0	0	1	0	0	0	1	1	0
ind126	26	1	0	0	1	0	1	1	0	1	0	1	0	0	1	0	1	0	1	1	0	1	0	1	1	1	1	0	0	0	1	1	1	1	1	0	1	0	0	0	1	1	1	0	1	1	0	0	1	0	1	1	1	1	1	1	1	0	1	1	1	0	0	1	1	0	0	1	1	0	1	0	0	1	1	1	0	1	1	0	0	0	1	0	1	1	0	1	1	1	1	0	1	0	1	0	1	1	0	1	1	0	0	1	1	1	1	0	1	1	0	1	1	1	0	1	1	1	1	0	0	1	1	0	1	0	0	1	0	0	0	1	0	1	0	1	1	0	1	1	1	1	0	1	0	1	0	0	1	1	1	1	0	1	1	1	1	0	1	0	0	1	0	0	0	1	1	0
ind127	26	0	0	1	1	0	1	0	0	1	0	1	0	0	0	0	1	0	1	1	0	1	0	1	1	1	1	1	0	0	1	1	1	1	1	0	1	0	0	0	1	1	1	0	1	1	0	1	1	0	1	1	1	1	1	1	1	0	1	1	1	0	0	1	1	0	0	1	1	0	1	0	0	1	1	1	0	1	1	0	1	0	1	0	1	1	0	1	1	0	1	1	1	0	1	1	0	1	0	1	1	0	0	0	1	1	1	0	1	1	0	1	1	1	1	1	0	1	1	0	0	1	1	1	1	0	0	1	0	0	0	0	0	1	0	1	1	0	1	1	1	1	1	0	0	1	1	0	1	1	1	1	0	1	1	1	1	0	1	0	0	1	0	0	0	1	1	0
ind128	26	0	0	1	1	0	1	0	0	1	0	1	0	0	0	0	1	0	1	1	0	1	0	1	1	1	1	1	0	0	1	1	1	1	1	0	1	0	0	0	1	1	1	0	1	1	0	1	1	0	1	1	1	1	1	1	1	0	1	1	1	0	0	1	1	0	0	1	1	0	1	0	0	1	1	1	0	1	1	0	1	0	1	0	1	1	0	1	1	0	1	1	1	0	1	1	0	1	0	1	1	0	0	0	1	1	1	0	1	1	0	1	1	1	1	1	0	1	1	0	0	1	1	1	1	0	0	1	0	0	0	0	0	1	0	1	1	0	1	1	1	1	1	0	0	1	1	0	1	1	1	1	0	1	1	1	1	0	1	0	0	1	0	0	0	1	1	0
ind129	27	1	0	0	1	0	1	0	0	1	0	1	0	0	0	0	1	0	1	1	0	1	0	1	1	1	1	0	0	0	1	1	1	1	1	0	1	0	0	0	1	1	1	0	1	1	0	1	1	0	1	1	1	1	1	1	1	0	1	1	1	0	0	1	1	0	0	1	1	0	1	0	0	1	1	1	0	1	1	0	0	0	1	0	1	0	0	1	1	0	1	1	1	0	0	0	1	1	0	1	1	0	0	0	1	1	1	0	1	1	0	1	1	1	1	1	0	1	1	0	0	0	1	0	1	0	0	1	0	0	0	0	0	1	0	1	1	0	1	1	1	1	1	0	0	1	1	0	1	1	1	1	0	0	1	1	1	0	1	0	0	1	0	0	0	1	1	0
ind130	27	1	0	0	1	0	1	0	0	1	0	1	0	0	0	0	1	0	1	1	0	1	0	1	1	1	1	1	1	0	1	1	1	1	1	0	1	0	1	0	1	1	0	0	1	1	0	0	1	0	1	1	1	1	1	1	1	0	0	1	1	0	0	1	1	0	0	1	1	0	1	0	0	1	1	1	0	1	1	0	0	0	1	0	1	1	0	1	1	0	1	1	1	0	0	1	0	1	0	1	1	0	0	0	1	1	1	0	1	0	0	1	1	1	1	1	0	1	1	1	0	1	1	1	0	0	0	1	0	0	0	0	0	1	0	1	1	0	1	1	1	1	1	1	0	1	1	0	1	1	1	1	0	1	1	1	1	0	1	0	0	1	0	0	0	0	1	0
ind131	27	1	0	0	0	1	1	1	0	1	0	1	0	0	1	0	1	0	1	1	0	1	0	1	1	1	1	1	0	0	1	1	1	1	1	0	1	0	1	0	1	1	1	0	1	1	0	1	1	0	1	1	1	1	1	1	1	0	0	1	1	0	0	1	1	0	0	1	1	0	1	0	0	1	1	1	0	1	1	0	1	0	1	0	1	1	0	1	1	0	1	1	1	0	0	1	0	1	0	1	1	0	0	0	1	0	1	0	1	0	0	1	1	1	1	1	0	1	1	0	0	0	1	0	1	0	0	1	0	0	0	0	0	1	0	1	1	0	1	1	1	1	1	1	0	1	0	0	1	1	1	1	1	1	1	1	1	0	1	0	0	1	0	0	0	1	1	0
ind132	27	1	0	0	1	0	1	1	0	1	0	1	0	0	0	0	1	0	1	1	0	1	0	1	1	1	1	1	0	0	1	1	1	1	1	0	1	0	1	0	1	1	1	0	1	1	0	0	1	1	1	1	1	1	1	1	1	0	1	1	1	0	0	1	1	0	0	1	1	0	1	0	0	1	0	1	0	1	1	0	1	0	1	0	1	1	0	1	1	0	1	0	1	0	0	0	1	1	0	1	1	0	1	0	1	1	1	0	1	0	0	1	1	1	1	1	1	1	1	1	0	1	1	0	1	0	0	1	0	0	0	1	0	1	0	1	1	0	1	1	1	1	1	1	0	1	0	0	1	1	1	1	0	0	1	0	1	0	1	0	0	1	0	0	0	0	1	0
ind133	27	1	0	0	1	1	1	1	0	1	0	1	0	0	0	0	1	0	1	1	0	1	0	0	1	1	1	1	0	1	1	1	1	1	1	0	1	1	0	0	1	1	1	0	1	1	0	1	0	0	1	1	1	1	1	1	1	0	0	1	1	0	0	1	1	0	0	0	1	0	1	0	1	1	0	1	0	1	1	0	1	0	1	0	1	1	1	1	1	0	1	1	1	1	0	1	0	1	0	1	0	0	0	0	1	1	1	0	1	1	0	1	1	1	1	1	0	1	1	0	0	1	1	0	1	0	0	1	0	0	0	0	0	1	0	1	1	0	1	1	1	1	1	0	0	1	0	0	1	1	1	1	0	1	1	1	1	0	1	0	0	1	0	0	0	1	1	0
ind134	27	1	0	0	0	0	1	1	0	1	0	1	0	0	0	0	1	0	1	1	0	1	0	1	1	1	1	1	1	0	1	1	1	1	1	0	1	0	1	0	1	1	1	0	1	1	0	0	1	0	1	1	1	1	1	1	1	0	1	1	1	0	0	1	1	0	0	1	1	0	1	0	0	1	1	1	0	1	1	0	1	0	1	0	1	1	0	1	1	1	1	1	1	0	0	0	1	1	0	1	1	0	0	0	1	1	1	0	1	0	1	1	1	1	1	1	0	1	1	0	0	1	1	0	1	0	0	1	0	0	0	0	0	1	0	1	1	0	1	1	1	1	1	0	0	1	1	0	1	1	1	1	0	1	1	1	1	0	1	0	0	1	0	0	0	0	1	0
ind135	27	1	0	0	0	0	0	1	0	1	0	1	0	0	0	0	1	0	1	1	0	1	0	1	1	1	1	1	0	0	1	1	1	1	1	0	1	0	1	0	1	1	1	0	1	1	0	1	1	0	1	1	1	1	1	1	1	0	1	1	1	0	0	1	1	0	0	1	1	0	1	0	1	1	1	1	0	1	1	0	1	0	1	0	1	0	1	1	1	0	1	0	1	0	0	0	1	1	0	1	1	0	1	0	1	1	1	0	1	1	0	1	1	1	1	1	0	1	1	1	0	1	1	0	1	0	0	1	0	0	0	0	0	1	0	1	1	0	1	1	1	1	1	1	0	1	0	0	1	1	1	1	0	0	1	1	1	0	1	0	0	1	0	0	0	1	1	0
ind136	27	1	0	0	0	0	1	0	0	1	0	1	0	0	0	0	1	0	1	1	0	1	0	1	1	1	1	1	0	0	1	1	1	1	1	0	1	0	0	0	1	1	1	1	0	1	0	0	1	0	1	1	1	1	1	1	1	0	1	1	0	0	0	1	1	0	0	1	1	0	1	0	0	1	1	1	0	1	1	0	1	0	1	0	1	1	1	1	1	0	1	0	1	0	0	1	0	1	0	1	1	0	0	0	1	1	1	0	1	1	0	1	1	1	1	1	0	1	1	0	1	1	1	1	1	0	0	1	0	1	0	0	0	1	0	1	1	0	1	1	1	1	1	0	0	1	1	0	1	1	1	1	0	1	1	1	1	0	1	0	0	1	0	1	1	1	1	0
ind137	27	0	0	1	1	0	1	1	0	1	0	1	0	0	0	0	1	0	1	1	0	1	0	1	1	1	1	1	1	0	1	1	1	1	1	0	1	0	0	0	1	1	1	0	1	1	0	1	1	0	1	1	1	1	1	1	1	1	1	1	1	0	0	1	1	0	0	1	1	0	1	0	0	1	0	1	0	1	1	0	1	0	1	0	1	0	0	1	1	0	1	1	1	0	0	0	1	1	0	1	1	0	1	0	1	1	1	0	1	1	0	1	1	1	1	1	0	1	1	0	0	1	1	0	1	0	0	1	0	1	0	0	0	1	0	1	1	0	0	1	1	1	1	1	0	1	0	0	1	1	1	1	0	1	1	1	1	0	1	0	0	1	0	0	0	1	1	0
ind138	27	1	0	0	1	1	1	1	0	1	0	1	0	0	0	0	1	0	1	1	0	1	0	1	1	1	1	1	1	0	1	0	1	1	1	1	1	1	1	0	1	1	1	0	1	1	0	1	1	0	1	1	1	1	1	1	1	1	1	1	1	0	0	1	1	0	0	1	1	0	1	0	1	1	1	1	0	1	1	0	1	0	1	0	1	1	1	1	1	0	1	0	1	0	0	1	0	1	0	1	1	0	0	0	1	1	1	0	1	1	0	1	1	1	1	1	0	1	1	0	0	1	1	0	1	0	0	1	0	0	0	0	0	1	0	1	1	0	1	1	1	1	1	0	0	1	0	0	1	1	1	1	0	1	1	1	1	0	1	0	0	1	0	0	0	1	1	0
ind139	28	0	0	0	1	1	1	0	0	1	0	1	0	0	0	0	1	0	1	1	0	1	0	1	1	1	1	0	0	0	1	1	1	1	1	0	1	0	1	0	1	1	1	0	1	1	0	1	0	0	1	1	1	1	1	1	1	0	1	1	1	0	0	1	1	0	0	1	1	0	1	0	0	0	1	1	0	1	1	0	0	0	1	0	1	0	1	1	1	0	1	1	1	0	0	1	0	1	0	1	1	0	0	0	1	1	1	0	1	1	0	1	1	1	0	1	0	1	1	0	0	1	1	1	1	0	0	1	0	0	0	0	0	1	0	1	1	0	1	1	1	1	1	0	0	1	1	0	1	1	1	1	1	1	1	1	1	0	1	0	0	1	0	0	0	1	1	0
ind140	28	0	1	0	1	0	1	1	0	1	0	1	0	0	0	0	1	0	1	1	0	1	0	1	1	1	1	1	0	0	1	1	1	1	1	0	1	0	1	0	1	1	1	0	1	1	0	0	0	0	1	1	1	1	1	1	1	0	1	1	1	0	0	1	1	0	0	1	1	0	1	0	0	1	0	1	0	1	1	0	1	0	1	0	1	0	0	1	1	0	1	1	1	0	1	0	1	1	0	1	1	0	0	0	1	1	1	0	1	1	0	1	1	1	1	1	0	1	1	0	0	1	1	0	1	0	0	1	0	0	0	0	0	1	0	1	1	0	1	1	1	1	1	0	0	1	1	0	1	1	1	1	0	1	1	0	1	0	1	0	0	1	0	0	0	1	1	0
ind141	28	0	0	0	1	0	1	1	0	1	0	1	0	0	0	0	1	0	1	1	0	1	0	1	1	1	1	1	0	0	1	1	1	1	1	0	1	0	1	0	1	1	1	0	1	1	0	0	0	0	1	1	1	1	1	1	1	0	1	1	1	0	0	1	1	0	0	0	1	0	1	0	1	1	1	1	0	1	1	0	0	0	1	0	1	1	1	1	1	0	1	1	1	0	0	1	0	1	0	1	1	0	0	0	1	1	1	1	0	1	0	1	1	1	0	1	1	1	1	0	0	1	1	1	1	0	1	1	0	0	0	0	0	1	0	1	1	0	1	1	1	1	1	1	0	1	0	0	1	1	1	1	0	1	1	1	1	0	1	0	0	1	0	0	0	0	1	0
ind142	28	0	0	0	1	0	1	1	0	1	0	1	0	0	0	0	1	0	1	1	0	1	0	1	1	1	1	1	0	0	1	1	1	1	1	0	1	0	1	0	1	1	1	0	1	1	0	1	0	0	1	1	1	1	1	1	1	1	1	1	1	0	0	1	1	0	0	1	1	0	1	0	0	1	1	1	0	1	1	0	1	0	1	0	0	1	1	1	0	1	1	0	1	0	0	1	0	1	0	1	1	0	0	1	1	1	1	0	1	1	0	1	1	1	1	1	1	1	1	0	0	1	1	1	1	0	1	1	0	0	0	1	0	1	0	1	1	0	1	1	1	1	1	1	0	1	0	0	1	1	1	1	0	0	0	1	1	0	1	0	0	1	1	0	0	1	1	0
ind143	29	1	0	0	1	0	1	0	0	1	0	1	0	0	0	0	1	0	1	1	0	1	0	1	1	1	1	1	0	0	1	1	1	1	1	0	1	0	1	0	1	1	1	0	1	1	0	0	1	0	1	1	1	1	1	0	1	0	1	1	0	0	0	1	1	1	0	1	1	0	1	0	1	1	1	1	0	1	1	0	0	0	0	0	1	0	1	1	0	0	1	1	1	1	0	0	1	1	0	1	1	0	0	0	1	1	1	0	1	0	1	1	1	1	0	1	0	1	1	0	0	0	1	1	1	0	0	1	0	0	0	0	0	1	0	1	1	0	1	1	1	1	1	1	0	1	0	0	1	1	1	1	1	1	1	1	1	0	1	0	0	1	0	0	0	0	1	0
ind144	29	1	0	0	1	0	1	1	0	1	0	1	0	0	0	0	1	0	1	1	0	1	0	1	1	1	1	1	0	0	1	1	1	1	1	0	1	0	1	0	1	1	1	0	1	1	0	0	1	0	1	1	1	1	1	1	1	1	1	1	1	0	0	1	1	0	0	1	1	0	1	0	0	1	0	1	0	1	1	0	0	0	1	0	1	1	0	1	1	0	1	1	1	0	0	0	0	1	0	1	1	0	1	0	1	1	1	0	1	1	0	1	1	1	1	1	0	1	1	0	0	1	1	0	1	0	0	1	0	0	0	0	0	1	0	1	1	0	1	1	1	1	1	1	0	1	1	0	1	1	1	1	0	1	1	1	1	0	1	0	0	1	0	0	0	0	1	0
ind145	29	1	0	0	1	0	1	1	0	1	0	1	0	0	0	0	1	0	1	1	0	1	0	0	1	1	1	0	0	0	1	1	1	1	1	0	1	0	1	1	1	1	1	0	1	1	0	0	1	1	0	1	1	1	1	1	1	1	1	1	1	0	0	1	1	0	0	1	1	0	1	0	1	1	0	1	0	1	1	0	1	0	1	0	1	1	0	1	1	0	1	1	1	0	0	0	1	1	0	1	1	0	1	0	1	1	1	0	1	0	0	1	1	1	1	1	0	1	1	0	0	1	1	0	1	0	0	1	0	0	0	1	0	1	0	0	1	0	1	1	1	1	1	0	0	1	0	0	1	1	1	1	1	1	1	1	1	0	1	0	0	1	0	0	1	0	1	0
ind146	29	1	0	0	1	0	1	1	0	1	0	1	0	0	0	0	1	0	1	1	0	1	0	1	1	1	1	1	0	0	1	1	1	1	1	0	1	0	0	0	1	1	1	0	1	1	0	0	0	0	1	1	1	1	1	0	1	0	1	1	1	0	0	1	1	0	0	1	1	0	0	0	0	1	1	1	0	1	1	0	1	0	1	0	1	1	1	1	1	0	1	1	1	0	0	0	1	1	0	1	1	0	1	0	1	1	1	0	1	0	1	1	1	1	1	1	1	1	1	0	0	1	1	0	1	0	0	1	0	1	0	0	0	1	0	1	1	0	1	1	1	1	1	1	0	1	0	0	1	1	1	1	1	1	1	0	1	0	1	0	0	1	0	0	1	1	1	0
ind147	29	1	0	0	1	0	1	1	0	1	0	1	0	0	0	0	1	0	1	1	0	1	0	1	1	1	1	1	0	0	1	1	1	1	1	0	1	0	1	0	1	1	1	0	1	1	1	0	0	0	1	1	1	1	1	1	1	0	1	1	1	0	0	1	1	0	0	1	1	0	1	0	0	1	1	1	0	1	1	0	0	0	1	0	1	1	0	1	1	0	1	1	1	0	0	0	1	1	0	1	1	0	1	0	1	1	1	0	1	0	1	1	1	1	1	1	0	1	1	0	0	1	1	0	1	0	0	1	0	1	0	1	0	1	0	1	1	0	1	1	1	1	1	0	0	1	0	0	1	1	1	1	1	1	1	1	1	0	1	0	0	1	0	0	0	1	1	0
ind148	29	1	0	0	1	0	1	1	0	1	0	1	0	0	0	1	1	0	1	1	0	1	0	1	1	1	1	1	0	0	1	1	1	1	1	0	1	0	1	0	1	1	1	0	1	1	0	0	1	0	1	1	1	1	0	1	1	0	1	1	1	0	0	1	1	1	0	1	1	0	1	0	1	1	1	1	0	1	1	0	0	0	1	0	1	1	0	1	1	0	1	0	1	0	0	1	0	1	0	1	1	0	0	0	1	1	1	0	1	1	0	1	1	1	1	1	0	1	1	0	0	1	1	1	1	0	0	1	0	1	0	1	0	1	1	1	1	0	0	1	1	1	1	0	0	1	1	0	1	1	1	1	1	1	1	1	1	0	1	0	0	1	0	0	0	0	1	0
ind149	29	1	0	0	1	0	1	1	0	1	0	1	0	0	0	0	1	0	1	1	0	1	0	1	1	1	1	1	1	0	1	1	1	1	1	0	1	0	0	1	1	1	1	0	1	1	0	0	1	0	1	1	1	1	1	1	1	1	1	1	1	1	0	1	1	0	0	1	1	0	1	0	1	1	1	1	0	1	1	0	0	1	1	0	1	1	0	1	1	0	1	1	1	0	0	0	1	1	0	1	1	0	0	0	1	1	1	0	1	1	0	1	1	1	1	1	0	1	1	0	0	1	1	1	0	0	0	1	0	0	0	0	0	1	0	1	1	0	1	1	1	1	1	1	0	1	0	0	1	1	1	1	1	0	1	1	1	0	1	0	0	1	1	0	1	1	1	0
ind150	29	1	0	0	1	0	1	1	0	1	0	1	0	0	0	0	1	0	1	1	0	1	0	1	1	1	1	1	0	0	1	1	1	1	1	0	1	0	1	1	1	1	1	0	1	1	0	0	1	0	1	1	1	1	1	1	1	0	1	1	1	0	0	1	1	0	0	1	1	0	1	0	0	1	1	1	0	1	1	0	0	1	1	0	1	1	0	1	1	0	1	1	1	0	0	0	1	1	0	1	1	0	1	0	1	1	1	0	1	1	0	1	1	1	1	1	0	1	1	0	0	1	1	0	1	0	0	1	0	1	0	1	0	1	1	1	1	0	1	1	1	1	1	1	0	1	0	0	1	1	1	1	1	1	1	1	1	0	1	0	0	1	0	0	1	1	1	0
ind151	30	1	0	0	1	0	1	1	0	1	0	1	0	0	0	0	1	0	1	1	0	1	0	1	1	1	1	1	0	0	1	1	1	1	1	0	1	0	1	0	1	1	0	0	1	1	0	0	1	0	1	1	1	1	1	1	1	0	1	1	1	0	0	1	1	0	0	1	1	0	1	0	0	1	0	1	0	1	1	0	1	0	1	0	1	0	0	1	1	0	1	1	1	0	0	0	0	1	0	1	1	0	0	0	1	1	1	0	1	1	0	1	1	1	1	1	0	1	1	0	0	1	1	0	1	0	0	1	0	0	0	0	0	1	0	1	1	0	1	1	1	1	1	1	0	1	1	0	1	1	1	1	0	1	1	1	1	0	1	0	0	1	0	0	0	0	1	0
ind152	30	1	0	0	1	0	1	0	0	1	0	1	0	0	0	0	1	0	1	1	0	1	0	1	1	1	1	1	1	0	1	1	1	1	1	0	1	0	1	0	1	1	1	0	1	1	0	0	1	0	1	1	1	1	1	1	1	0	0	1	1	0	0	1	1	1	0	1	1	0	1	0	0	1	1	0	0	1	1	0	1	0	1	0	1	1	0	1	1	0	1	0	1	0	0	0	1	1	0	1	1	0	0	0	1	1	1	0	1	1	0	1	1	1	0	1	0	1	1	0	0	1	1	0	1	0	0	0	0	0	0	0	0	1	0	1	1	0	1	1	1	1	1	1	0	1	0	0	1	1	1	1	0	1	1	1	1	0	1	0	0	1	0	0	0	1	1	0
ind153	30	1	0	0	1	0	1	1	0	1	0	1	0	0	0	0	1	0	1	1	0	1	0	1	1	1	1	1	1	0	1	1	1	1	1	0	1	0	0	0	1	1	0	0	1	1	0	0	1	0	1	1	1	1	0	1	1	0	1	1	1	0	0	1	1	0	0	1	1	0	1	0	0	1	0	1	0	1	1	0	0	0	1	0	1	0	0	1	0	0	1	1	1	0	0	1	0	1	0	1	1	1	0	0	1	1	1	0	1	1	0	1	1	0	1	1	0	1	1	0	0	1	1	1	1	0	0	1	0	1	0	0	0	1	0	1	1	0	1	1	1	1	1	1	0	1	1	0	1	1	1	1	1	1	1	1	1	0	1	0	0	1	0	0	1	0	1	0
ind154	30	1	0	0	1	0	1	1	0	1	0	1	0	0	0	0	1	0	1	1	0	1	0	1	1	1	1	1	0	0	1	1	1	1	1	0	1	0	1	0	1	1	1	0	1	1	0	1	1	0	1	1	1	1	1	1	1	0	0	1	1	1	0	1	1	0	0	1	1	0	1	0	0	1	1	1	0	1	1	0	0	0	1	0	1	1	0	1	1	0	1	0	1	0	0	0	1	1	0	1	1	0	0	1	1	1	1	0	1	1	0	1	1	1	1	1	0	1	1	0	0	1	1	1	1	0	0	1	0	0	0	0	0	1	0	1	1	0	1	1	1	1	1	0	0	1	0	0	1	1	1	1	0	1	1	1	1	0	1	0	0	1	0	0	0	0	1	0
ind155	30	1	0	0	1	0	1	1	0	1	0	1	0	0	0	0	1	0	1	1	0	1	0	1	1	1	1	1	0	0	1	1	1	1	1	0	1	0	0	0	0	1	1	0	1	1	0	1	1	0	1	1	1	1	1	1	0	0	0	1	1	0	0	1	1	1	0	1	1	0	1	0	0	1	1	1	0	1	1	0	1	0	1	0	1	1	0	1	1	0	1	1	1	0	0	0	1	1	0	1	1	0	1	0	1	1	1	0	1	1	0	1	1	1	1	1	0	1	1	1	0	1	1	0	1	0	0	1	0	0	0	0	0	1	0	1	1	0	1	1	1	1	1	1	0	1	0	0	1	1	1	1	0	1	1	1	1	0	1	0	0	1	0	0	0	0	1	0
ind156	30	1	0	0	1	0	1	0	0	1	0	1	0	0	0	0	1	0	1	1	0	1	0	1	1	1	1	1	0	0	1	1	1	1	1	0	1	0	1	0	1	1	1	0	1	1	0	1	1	0	1	1	1	1	1	1	1	0	1	1	1	0	0	1	1	0	0	1	1	0	1	0	1	1	1	1	0	1	1	0	0	0	1	0	1	1	0	1	1	0	1	1	1	0	0	0	1	1	0	1	1	0	0	0	1	1	1	0	1	1	0	1	1	1	0	1	0	1	1	0	0	1	1	1	1	0	0	1	0	1	0	0	0	1	0	1	1	0	1	1	1	1	1	0	0	1	1	0	1	1	1	1	1	1	1	1	1	0	1	0	0	1	0	0	0	0	1	0
ind157	30	1	0	0	1	0	1	1	0	1	0	1	0	0	0	0	1	0	1	1	0	1	0	1	1	1	1	1	0	0	1	1	1	1	1	0	1	0	1	0	1	1	1	0	1	1	0	1	1	0	1	1	1	1	1	1	1	1	1	1	1	0	0	1	1	0	0	1	1	0	1	0	0	1	0	1	0	1	1	0	1	0	1	0	1	1	0	1	1	0	1	1	1	0	0	0	1	1	0	1	1	0	0	0	1	1	1	0	1	1	0	1	1	1	0	1	0	1	1	0	0	1	1	0	1	0	0	1	0	0	0	1	0	1	0	1	1	0	1	1	1	1	1	1	0	1	1	0	1	1	1	1	1	1	1	1	1	0	1	0	0	1	0	0	0	1	1	0
ind158	30	1	0	0	0	1	1	1	0	1	0	1	0	0	0	0	1	0	1	1	0	1	0	1	1	1	1	0	0	0	1	1	1	1	1	0	1	1	1	0	1	1	1	0	1	1	0	0	1	1	1	1	1	1	1	1	1	1	1	1	1	0	0	1	1	0	0	1	1	0	1	0	0	1	1	1	0	1	1	0	0	0	1	0	1	1	1	1	1	0	1	0	1	1	0	1	0	1	0	1	1	0	1	0	1	1	1	0	1	1	0	1	1	1	1	1	0	1	1	0	0	1	1	1	1	0	0	1	0	1	0	1	0	1	0	0	1	0	1	1	1	1	1	1	0	1	1	0	1	1	1	1	1	1	0	1	1	0	1	0	0	1	0	0	0	0	1	0
ind159	31	1	0	0	1	0	1	1	0	1	0	1	0	0	0	0	1	0	1	1	0	1	0	1	1	1	1	1	0	0	1	1	1	1	1	0	1	0	1	0	1	1	1	0	1	1	0	1	0	0	1	1	1	1	1	1	0	0	1	1	1	0	0	1	1	0	0	1	1	0	1	0	0	0	1	1	0	1	1	0	1	0	1	0	0	1	1	1	1	0	1	1	1	0	0	0	1	1	0	1	1	0	0	0	1	1	1	0	1	1	0	1	1	1	0	1	0	1	1	0	0	1	1	0	1	0	1	1	0	0	0	0	0	1	0	1	1	0	0	1	1	1	0	1	0	1	1	0	1	1	1	1	1	1	1	1	1	0	1	0	0	1	0	0	0	1	1	0
ind160	31	1	0	0	0	0	1	1	0	1	0	1	0	0	0	0	1	0	1	1	0	0	0	1	1	1	1	0	0	0	1	1	1	1	1	1	1	0	0	0	1	1	1	0	1	1	0	0	1	0	1	1	1	1	1	1	0	1	1	1	1	0	0	1	1	0	0	1	1	0	1	0	1	0	1	1	0	1	1	0	1	0	1	0	0	1	0	1	1	1	1	1	1	0	0	1	0	1	1	1	1	0	0	1	1	1	1	0	1	1	0	1	1	1	1	1	1	1	1	0	0	1	1	0	1	0	0	1	0	1	1	0	0	1	0	1	1	0	1	1	1	1	1	0	0	1	0	0	1	1	1	1	1	1	1	1	1	0	1	0	0	1	0	0	1	1	1	0
ind161	32	0	1	0	1	0	1	1	0	1	1	1	0	0	0	0	1	0	1	1	0	1	0	0	1	1	1	1	0	0	1	1	1	1	1	0	1	0	0	0	1	1	1	0	1	1	0	1	1	0	1	1	1	1	1	1	1	0	1	1	1	0	0	1	1	0	0	1	1	0	1	0	0	1	1	1	0	1	1	0	0	0	1	0	1	1	1	1	1	0	1	1	1	0	0	0	1	1	0	1	1	0	1	1	1	1	1	0	1	1	0	1	1	1	0	1	1	1	1	0	0	1	1	1	0	0	0	1	0	0	0	1	0	1	0	1	1	1	0	1	1	1	1	1	0	1	0	0	1	1	1	1	0	1	1	1	1	1	1	0	0	1	0	0	0	1	1	0
ind162	33	1	0	0	1	0	0	1	0	1	0	1	0	1	0	0	1	0	1	1	0	1	0	0	1	1	1	1	0	0	1	1	1	1	1	1	1	0	1	0	1	1	1	0	1	1	0	1	0	0	1	1	1	1	1	1	1	0	1	1	1	0	1	1	1	0	0	1	1	0	1	0	1	1	0	1	0	1	1	0	1	0	1	0	1	1	1	1	1	0	1	1	1	0	0	1	0	1	0	1	1	0	0	0	1	1	1	0	1	1	0	1	1	1	0	1	0	1	1	0	0	1	1	0	0	0	0	1	0	0	0	0	0	1	0	1	1	0	1	1	1	1	1	1	0	1	0	0	1	1	1	1	0	0	1	1	1	0	1	0	0	1	0	0	1	1	1	0
ind163	33	0	1	0	1	0	0	1	0	1	0	1	0	0	0	0	1	0	1	1	0	1	0	1	1	1	1	0	0	0	1	1	1	1	1	0	1	0	1	0	1	1	1	0	1	1	0	1	0	0	1	1	1	1	1	1	0	0	1	1	1	0	0	1	1	0	0	1	1	0	0	0	0	1	1	1	0	1	1	0	1	0	1	0	1	1	1	1	1	0	1	1	1	0	0	0	1	1	0	1	1	0	1	0	1	1	1	0	1	1	0	1	1	0	1	1	0	1	1	0	0	1	1	1	1	0	1	1	0	0	0	1	0	1	0	1	1	0	1	1	1	1	1	0	0	1	0	0	1	1	1	1	0	1	1	1	1	0	1	0	0	1	0	0	1	1	1	0
ind164	33	0	0	0	1	0	1	0	0	1	0	1	0	0	0	0	1	0	1	1	0	1	0	1	1	1	1	1	0	0	1	1	1	1	1	0	1	0	1	0	1	1	1	0	1	1	0	1	1	0	1	1	1	1	1	1	0	1	1	1	1	0	0	1	1	0	0	1	1	0	1	0	0	1	1	1	0	1	1	0	1	0	1	0	1	1	0	0	1	0	1	1	1	0	0	0	1	1	0	1	1	0	0	1	1	1	1	0	1	1	0	1	1	1	0	1	0	1	1	0	0	1	1	0	1	0	1	1	0	1	0	1	0	1	0	1	1	0	1	1	1	1	1	1	0	1	0	0	1	1	1	1	1	1	1	1	1	0	1	0	0	1	0	0	0	1	1	0
ind165	33	1	0	0	1	0	1	1	0	1	0	1	0	0	0	0	1	0	1	1	0	1	0	1	1	1	1	1	0	0	1	1	1	1	1	0	1	0	1	0	1	1	0	0	1	1	0	1	1	0	1	1	1	1	1	1	1	1	1	1	1	0	0	1	1	0	0	0	1	0	1	0	0	1	0	1	1	1	1	0	1	0	1	0	1	1	1	1	1	0	1	1	1	0	0	0	1	1	0	1	1	0	0	0	1	1	1	0	1	1	0	1	1	1	1	1	1	1	1	0	0	1	1	1	1	1	0	1	0	0	0	1	0	1	0	1	1	0	1	1	1	1	1	1	0	1	0	0	1	1	1	1	1	1	1	1	1	0	1	0	0	1	0	0	0	0	1	1
ind166	34	0	0	1	1	0	1	0	0	1	0	1	0	0	0	0	1	0	1	1	0	1	0	0	1	1	1	1	0	0	1	1	1	1	1	0	1	0	1	0	1	1	1	0	1	1	0	0	0	0	1	1	1	1	1	1	1	0	1	1	1	0	0	1	1	0	0	1	1	0	1	0	0	1	0	1	0	1	1	0	1	0	1	0	1	0	0	1	0	0	1	1	1	0	0	0	1	1	0	1	1	0	0	0	1	1	1	0	1	1	0	1	1	1	1	1	0	1	1	0	0	1	1	1	1	0	0	0	0	0	0	0	0	1	0	1	1	0	0	1	1	1	1	1	0	1	0	0	1	1	1	1	0	1	1	1	1	0	1	0	0	1	0	0	1	1	1	0
ind167	34	0	0	1	1	0	1	0	0	1	0	1	0	0	0	0	1	0	1	1	0	1	0	0	1	1	1	1	0	0	1	1	1	1	1	0	1	0	1	0	1	1	1	0	1	1	1	0	0	1	1	1	1	1	1	1	1	0	1	1	1	0	0	1	1	0	0	0	1	0	1	0	0	1	0	1	0	1	1	0	1	0	1	0	0	0	0	1	1	0	1	1	1	0	0	0	1	1	0	1	1	0	0	0	1	1	1	0	1	0	0	1	1	1	1	1	0	1	1	0	0	1	1	1	1	0	0	0	0	0	0	0	0	1	0	1	1	0	1	1	1	1	1	1	0	1	1	0	1	1	1	1	0	1	1	1	1	0	1	0	0	1	0	0	1	1	1	0
ind168	34	0	1	0	1	0	1	1	0	1	0	1	0	0	0	0	1	1	1	1	0	1	0	1	1	1	1	0	0	0	1	1	1	1	1	0	1	0	1	0	1	1	1	0	1	1	1	1	1	0	1	1	1	1	1	1	0	1	1	1	1	0	0	1	1	0	0	1	1	0	1	0	0	1	1	1	0	1	1	0	1	0	1	0	0	0	1	1	1	0	1	1	1	0	0	0	0	1	0	1	1	0	0	0	1	1	1	0	1	1	0	1	1	1	1	1	0	1	1	0	0	1	0	1	1	0	0	1	0	0	0	0	0	1	0	1	1	0	1	1	1	1	1	0	0	1	0	0	1	1	1	1	0	1	1	1	1	0	1	0	0	1	0	0	1	1	1	0
ind169	35	0	1	0	1	0	1	0	0	1	0	0	0	0	0	0	1	0	1	1	0	1	0	0	1	1	1	1	0	0	1	1	1	1	1	0	1	0	0	0	1	1	0	0	1	1	0	1	1	0	1	1	1	1	1	1	1	0	0	1	1	0	0	1	1	0	0	1	1	0	1	0	1	1	0	1	0	1	1	0	0	0	1	0	0	0	0	1	1	0	1	1	1	0	0	0	1	1	0	1	1	0	0	0	1	1	1	0	1	1	0	1	1	1	0	1	0	1	1	1	0	1	1	1	1	0	0	1	0	1	0	1	0	1	0	1	1	0	1	1	1	1	1	1	0	1	0	0	1	1	1	1	1	1	1	1	1	0	1	0	0	1	0	0	0	0	1	0
ind170	35	1	0	0	1	0	1	0	0	1	0	1	0	0	0	0	1	0	1	1	0	1	0	1	1	1	1	1	0	0	1	1	1	1	1	0	1	0	0	0	1	1	1	0	1	1	0	1	1	0	1	1	1	1	1	1	1	0	1	1	1	0	0	1	1	0	0	1	1	0	1	0	1	1	0	1	0	1	1	0	1	0	0	0	0	1	0	1	1	0	1	1	1	0	0	0	1	1	1	1	1	0	0	0	1	1	1	0	1	1	0	1	1	1	0	1	0	1	1	0	0	1	1	1	1	0	0	1	0	1	0	0	0	1	0	1	1	0	1	1	1	1	1	1	0	1	0	0	1	1	1	0	0	1	1	0	1	0	1	0	0	1	0	0	0	0	1	0
ind171	35	1	0	0	1	0	1	0	0	1	0	1	0	0	0	0	1	0	1	1	0	1	0	1	1	1	1	0	0	0	1	1	1	1	1	0	1	0	0	0	1	0	1	0	1	1	0	0	1	0	1	1	1	1	1	1	1	0	1	1	1	0	0	1	1	0	0	1	1	0	1	0	1	1	1	1	0	1	1	0	1	0	1	0	1	1	0	1	1	0	1	1	1	0	0	0	1	1	1	0	1	0	0	1	0	1	1	0	1	1	0	1	1	1	0	1	0	1	1	1	0	1	1	1	1	0	0	1	0	0	0	0	0	1	0	1	1	0	1	1	1	1	1	1	0	1	0	0	1	1	1	1	0	1	1	0	1	0	1	0	0	1	0	1	0	0	1	0
ind172	35	1	0	0	1	0	1	0	0	1	0	1	0	0	0	0	1	0	1	1	0	1	0	1	1	1	1	1	0	0	1	1	1	1	1	0	1	0	0	0	1	1	1	0	1	1	0	1	1	0	1	1	1	1	1	1	1	0	1	1	1	0	0	1	1	0	0	1	1	0	1	0	0	1	1	1	0	1	1	0	1	0	1	0	1	0	0	1	1	0	1	1	1	0	0	0	1	1	0	1	1	0	1	1	1	1	1	0	1	1	0	1	1	1	0	1	0	1	1	0	0	1	1	1	1	0	0	1	0	0	0	0	0	1	0	1	1	0	1	1	1	1	1	1	0	1	0	0	1	1	1	1	1	1	1	1	1	0	1	0	0	1	0	0	0	1	1	0
ind173	36	0	1	0	1	0	0	1	0	1	0	1	0	0	0	0	1	0	1	1	0	1	0	0	1	1	1	1	0	0	1	1	1	1	1	0	1	0	1	0	1	1	1	0	1	1	0	1	0	0	1	1	1	1	1	1	0	1	1	1	1	0	0	1	1	0	0	1	1	0	1	0	0	1	0	1	0	0	1	0	1	0	1	0	1	1	1	1	1	0	1	1	1	0	0	0	1	1	0	1	1	0	0	0	1	1	1	0	1	1	0	1	1	1	1	1	0	1	1	0	0	1	1	0	1	0	0	1	0	0	0	1	0	1	1	1	1	0	1	1	1	1	1	1	0	1	0	0	1	1	1	1	0	1	1	1	1	0	1	0	0	1	0	0	0	1	1	0
ind174	37	0	0	1	1	0	1	1	0	1	0	1	0	0	0	0	1	0	1	1	0	1	0	1	1	1	1	1	0	0	1	1	1	1	1	0	1	0	1	0	1	1	1	0	1	1	0	0	0	0	1	1	1	1	1	1	1	0	1	1	1	0	0	1	1	0	0	1	1	0	1	0	0	1	1	1	0	1	1	0	0	0	1	0	1	1	0	1	1	0	1	0	1	0	0	0	0	1	0	1	1	0	1	0	1	1	1	0	1	1	0	1	1	1	0	1	0	1	0	0	0	1	1	0	1	0	0	1	0	1	0	0	0	1	0	1	1	0	0	1	1	1	0	1	0	1	1	0	1	1	1	1	0	1	1	1	1	0	1	0	0	1	0	0	0	0	1	0
ind175	37	1	0	0	1	0	1	0	0	1	0	1	0	0	0	0	1	0	1	1	0	1	0	1	1	1	1	1	1	0	1	1	1	1	1	0	1	0	0	0	1	1	0	0	1	1	0	0	1	0	1	1	1	1	1	1	1	0	1	1	1	0	0	1	1	0	0	1	1	0	1	0	0	1	1	1	0	1	1	0	0	0	1	0	1	0	0	1	1	0	1	1	1	0	0	0	0	1	0	1	1	0	0	0	1	1	1	0	1	1	0	1	1	1	1	1	0	1	1	1	0	1	1	0	1	0	0	1	0	0	0	1	0	1	0	1	1	0	1	1	1	1	1	1	0	1	1	0	1	1	1	1	0	0	1	0	1	0	1	0	0	1	1	0	0	1	1	0
ind176	37	1	0	0	1	0	1	1	0	1	0	1	0	0	0	0	1	0	1	1	0	1	0	0	1	1	1	1	0	0	1	1	1	1	1	0	1	0	0	0	1	1	1	0	1	1	0	0	0	0	1	1	1	1	1	1	1	0	0	1	1	0	0	1	1	1	0	1	1	0	1	0	0	1	1	1	0	1	1	0	1	0	1	0	1	1	0	1	1	0	1	1	1	0	0	0	1	1	0	1	1	0	0	0	1	1	1	0	1	1	0	1	1	1	1	1	0	1	1	0	0	1	1	0	1	0	0	1	0	1	0	1	0	1	0	1	1	0	1	1	1	1	1	0	0	1	0	0	1	1	1	1	1	0	1	1	1	0	1	0	0	1	0	0	0	1	1	0
ind177	37	1	0	0	1	0	1	0	0	1	0	1	0	0	0	0	1	0	1	1	0	1	0	1	1	1	1	1	0	0	1	1	1	1	1	0	1	0	0	0	1	1	1	0	1	1	0	1	1	0	1	1	1	1	1	1	1	0	1	1	1	0	0	1	1	0	0	1	1	0	1	0	0	1	1	1	0	1	1	0	0	0	1	0	1	1	0	1	0	0	1	1	1	0	0	0	1	1	0	1	1	0	0	0	1	1	1	0	1	1	0	1	1	1	1	1	0	1	1	1	0	1	1	0	1	0	0	1	0	1	0	1	0	1	0	1	1	0	1	1	1	1	1	1	0	1	1	0	1	1	1	1	0	0	1	1	1	0	1	0	0	1	0	0	0	1	1	0
ind178	37	1	0	0	1	0	1	1	0	1	0	1	0	0	0	0	1	0	1	1	0	1	0	1	1	1	1	1	0	0	1	1	1	1	1	0	1	0	0	0	1	1	1	0	1	1	0	0	0	0	1	1	1	1	1	1	1	0	1	1	1	0	0	1	1	1	0	1	1	0	1	0	1	1	1	1	0	1	1	0	0	0	1	0	1	1	0	1	1	0	1	0	1	0	0	0	1	1	0	1	1	0	0	0	1	1	1	0	1	0	1	1	1	1	1	1	1	1	1	1	0	1	1	1	1	0	0	1	0	1	0	1	0	1	0	1	1	0	1	1	1	1	1	1	0	1	0	0	1	1	1	1	0	0	1	1	1	0	1	0	0	1	0	0	0	0	1	0
ind179	37	1	0	0	1	0	1	0	0	1	0	1	0	0	0	0	1	0	1	1	0	1	0	1	1	1	1	1	1	0	1	1	1	1	1	0	1	1	0	0	1	1	1	0	1	1	0	0	1	0	1	1	1	1	1	1	1	0	1	1	1	0	0	1	1	0	0	1	1	0	1	0	0	1	1	1	0	1	1	0	1	0	1	0	1	1	0	1	1	0	1	1	1	0	0	0	1	1	0	1	1	0	0	0	1	1	1	0	1	1	0	1	1	1	1	1	0	1	1	1	0	1	1	0	1	0	0	1	0	0	0	1	0	1	0	1	1	0	1	1	1	1	1	1	0	1	1	0	1	1	1	1	0	0	1	0	1	0	1	1	0	1	1	0	0	1	1	0
ind180	38	0	1	0	1	0	1	0	0	1	0	0	0	0	0	1	1	0	1	1	0	1	0	1	1	1	1	0	0	0	1	1	1	1	1	0	1	0	0	0	1	0	1	0	1	1	0	1	1	0	1	1	1	1	1	1	1	0	1	1	1	0	0	1	1	0	0	1	1	0	1	0	0	0	1	1	0	1	1	0	0	0	1	0	1	0	1	1	1	0	1	0	1	0	0	1	0	1	0	1	1	0	0	1	1	1	1	0	1	1	0	1	1	1	1	1	0	1	1	0	0	1	1	1	1	0	1	1	0	0	0	0	0	1	0	1	1	0	1	1	1	1	1	0	0	1	0	0	1	1	1	1	1	1	1	1	1	0	1	0	0	1	0	0	1	1	1	0
ind181	38	1	0	0	1	0	1	1	0	1	0	1	0	0	0	0	1	0	1	1	0	1	0	1	1	1	1	0	1	0	1	0	1	1	1	0	1	0	1	0	1	1	1	0	1	1	0	1	1	0	1	1	1	1	1	1	1	0	0	1	1	0	0	1	1	0	0	1	1	0	1	1	0	1	0	1	0	1	1	0	0	0	1	0	1	1	0	1	1	0	1	0	0	0	0	0	0	1	0	1	1	0	1	1	1	1	1	0	1	1	0	1	1	1	1	1	1	1	1	0	0	1	1	1	1	0	0	1	0	1	0	1	0	1	0	1	1	0	1	1	1	1	1	1	0	1	1	0	1	0	1	1	1	1	1	1	0	1	1	0	0	1	0	0	0	1	0	0
ind182	38	1	0	0	0	0	1	1	0	1	0	1	0	0	0	0	1	0	1	1	0	1	0	1	1	1	1	0	1	0	1	1	1	1	1	0	1	0	0	0	1	1	1	0	1	1	0	1	1	0	1	1	1	1	1	1	0	0	0	1	1	0	0	1	1	0	0	1	1	0	1	1	0	1	0	1	0	1	1	0	0	0	1	0	1	0	0	1	1	1	1	1	1	0	0	1	0	1	0	1	1	0	1	0	1	1	1	0	1	1	0	1	1	1	0	1	1	1	1	0	0	1	1	1	1	0	0	1	0	0	0	1	0	1	1	1	1	0	1	1	1	1	1	0	0	1	0	0	1	1	1	1	1	1	1	1	1	0	1	0	0	1	1	0	0	1	1	0
ind183	38	0	1	0	0	0	1	1	0	1	0	1	0	0	0	0	1	0	1	1	0	1	0	1	1	1	1	1	0	0	1	1	1	1	1	0	1	0	0	0	1	1	1	0	1	1	0	1	1	0	1	1	1	1	1	1	0	0	1	1	1	0	0	1	1	0	0	1	1	1	0	1	0	1	0	1	0	1	1	0	1	0	1	0	1	1	1	1	1	0	1	1	1	0	0	1	0	1	0	1	1	0	0	0	1	1	1	0	1	1	0	1	1	1	1	1	0	1	1	0	0	1	1	1	1	0	0	1	0	1	0	1	0	1	0	1	1	0	1	1	1	1	1	0	0	1	0	0	1	1	1	1	1	1	1	1	1	0	1	0	0	1	0	0	0	1	1	0
ind184	39	0	0	0	1	0	1	1	0	1	0	1	0	0	0	0	1	0	1	1	0	1	0	0	1	1	1	0	0	0	1	1	1	1	1	0	1	0	1	0	1	1	0	0	1	1	0	0	0	0	1	1	1	1	1	1	0	0	1	1	0	0	0	1	1	0	0	1	1	0	1	0	0	1	0	1	0	1	1	0	0	0	0	0	1	0	1	1	1	0	1	1	1	0	0	0	1	1	0	1	1	0	0	1	1	1	1	0	1	1	0	1	1	1	0	1	0	0	1	0	0	1	1	1	1	0	0	1	0	1	0	0	0	1	0	1	1	0	1	1	1	1	1	0	0	1	0	0	1	1	1	1	0	1	1	1	1	0	1	0	0	1	0	0	1	1	0	0
ind185	39	0	0	1	1	0	1	0	0	1	0	1	0	0	0	0	1	0	1	1	0	1	0	0	1	1	1	0	1	0	1	1	1	1	1	0	1	0	1	0	1	1	1	0	1	1	0	0	1	0	1	1	1	1	1	1	1	0	0	1	0	0	0	1	1	0	0	1	1	0	1	0	0	1	0	1	0	1	1	0	0	0	0	0	1	0	1	1	1	0	1	1	0	0	0	0	0	1	0	1	1	0	0	0	1	1	1	0	1	1	0	1	1	1	1	1	0	1	1	0	1	1	1	0	1	0	0	1	0	1	0	0	0	1	0	1	1	0	1	1	1	1	1	0	0	1	0	0	1	1	1	1	1	1	1	1	1	0	1	0	0	1	0	0	0	1	1	0
ind186	39	0	0	1	1	0	1	1	0	1	0	1	0	0	0	0	1	0	1	1	0	1	0	1	1	1	1	0	0	0	1	1	1	1	1	0	1	1	1	0	1	1	0	0	1	1	0	1	1	0	1	1	1	1	1	1	0	1	1	1	1	0	0	1	1	0	0	1	1	1	1	0	0	1	0	1	0	1	1	0	0	0	0	0	1	0	1	1	1	0	1	1	1	0	0	0	0	1	0	1	1	0	0	1	1	1	1	0	1	1	0	1	1	1	0	1	0	1	1	0	0	1	1	1	1	0	0	1	0	1	0	1	0	1	0	1	1	0	1	1	1	1	1	0	0	1	0	0	1	1	1	0	0	1	1	1	1	0	1	0	0	1	0	0	0	0	1	0
ind187	39	1	0	0	1	0	1	1	0	1	0	1	0	0	0	0	1	0	1	1	0	1	0	0	1	1	1	0	1	0	1	1	1	1	1	0	1	0	1	0	1	1	1	0	1	1	0	1	1	1	1	1	1	1	1	1	1	1	1	1	1	0	0	1	1	0	0	1	1	0	1	0	0	1	1	1	0	1	1	0	1	0	1	0	1	1	1	1	1	0	1	1	0	0	0	0	1	1	0	1	1	0	0	0	1	1	1	0	1	1	0	1	1	1	0	1	0	1	1	1	1	1	1	1	1	0	0	1	0	0	0	0	0	1	0	1	1	0	1	1	1	1	1	1	0	1	0	0	1	1	1	1	0	1	1	1	1	0	1	0	0	1	0	0	1	1	1	0
ind188	40	0	0	1	1	0	0	1	0	1	0	1	0	0	0	0	1	0	1	1	0	1	0	1	1	1	1	1	1	0	1	1	1	1	1	0	1	0	1	0	1	1	1	0	1	1	0	0	1	0	1	1	1	1	1	1	0	0	0	1	1	0	0	1	1	0	0	1	1	1	1	0	0	1	0	1	0	1	1	0	1	0	1	0	1	1	0	1	1	0	1	1	0	0	0	0	1	1	0	1	1	0	0	0	1	1	1	0	1	1	0	1	1	1	0	1	0	1	1	0	0	1	1	1	1	1	0	1	0	0	0	0	0	0	0	1	1	0	1	1	1	1	1	0	0	1	0	0	1	1	1	1	1	0	1	1	1	0	1	0	0	1	0	0	0	1	1	1
ind189	40	1	0	0	1	0	1	1	0	1	0	1	0	0	0	0	1	0	1	1	0	1	0	1	1	1	1	1	1	0	1	1	1	1	1	0	1	0	0	0	1	1	1	0	1	1	0	0	1	0	1	1	1	1	1	1	1	0	0	1	1	0	0	1	1	0	0	1	1	0	1	0	0	1	0	1	0	1	1	0	1	0	1	0	1	0	0	1	0	0	1	1	1	0	0	0	1	1	0	1	1	0	0	0	1	1	1	0	1	1	0	1	1	1	0	1	0	1	1	0	0	1	1	1	1	0	0	1	0	1	0	0	0	1	0	1	1	0	1	1	1	1	1	1	0	1	0	0	1	1	1	1	0	1	1	1	1	0	1	0	0	1	1	0	0	1	1	0
ind190	40	0	0	1	1	0	0	1	0	1	0	1	0	0	0	1	1	0	1	1	0	1	0	1	1	1	1	1	1	0	1	1	1	1	1	0	1	0	0	0	1	1	0	0	1	1	0	1	0	1	1	1	1	1	1	1	0	0	1	1	1	0	1	0	1	0	0	1	1	0	1	0	0	1	0	1	0	1	1	0	1	0	1	0	1	1	0	1	1	0	1	1	1	0	0	1	0	1	0	1	1	0	0	0	1	1	1	0	1	1	0	1	1	1	0	1	0	1	1	0	0	1	1	1	1	1	0	1	0	1	0	0	0	1	0	1	1	0	1	1	1	1	1	1	0	1	1	0	1	1	1	1	1	0	1	1	1	0	1	0	0	1	0	0	0	1	1	1
ind191	41	1	0	0	1	1	0	0	0	1	0	1	0	0	0	1	1	0	1	1	0	1	0	1	1	1	1	1	0	0	1	1	1	1	1	0	1	0	0	0	1	1	1	0	1	1	0	0	1	0	1	1	1	1	1	1	1	0	1	1	1	0	0	1	1	0	0	1	1	0	1	0	0	0	1	1	0	1	1	0	1	0	1	0	0	0	0	1	1	0	1	0	1	0	0	0	1	1	0	1	1	0	0	0	1	1	1	0	1	1	0	1	1	1	1	1	0	1	1	0	0	1	1	1	1	0	0	1	0	0	0	1	0	1	0	1	1	0	1	1	1	1	1	1	0	1	1	0	1	1	1	1	0	1	1	1	0	1	1	0	0	1	0	0	0	1	1	0
ind192	41	0	0	1	1	0	0	1	0	1	0	1	0	0	0	0	1	0	1	1	0	1	0	0	1	1	1	1	1	0	1	1	1	1	1	0	1	1	1	0	1	1	1	0	1	1	0	1	1	0	1	1	1	1	1	1	1	0	1	1	1	0	0	1	1	0	0	1	1	0	1	0	0	1	0	1	0	1	1	0	1	0	1	0	1	1	1	1	1	0	1	1	1	0	0	1	0	1	0	1	1	0	0	0	1	1	1	0	1	0	1	1	1	1	1	1	1	1	1	0	0	1	1	1	1	0	0	1	0	1	0	0	0	1	0	1	1	0	0	1	1	1	1	0	0	1	0	0	1	1	1	1	1	1	1	1	1	0	1	0	0	1	0	0	0	1	1	0
ind193	42	1	0	0	1	0	1	1	0	1	0	1	0	0	0	0	1	0	1	1	0	1	0	1	1	1	1	1	0	0	1	1	1	1	1	0	1	0	1	0	1	1	1	0	1	1	0	0	1	0	1	1	1	1	0	1	1	0	1	1	1	0	0	1	1	0	0	1	1	0	1	0	1	1	0	1	0	1	1	0	0	0	1	0	1	1	0	1	1	0	1	0	1	0	0	0	1	1	0	1	1	0	0	0	1	1	1	0	1	1	0	1	1	1	1	1	0	1	1	0	0	1	1	0	1	0	0	0	1	0	0	0	0	1	0	1	1	0	1	1	1	1	1	1	0	1	0	0	1	1	1	1	0	1	1	1	1	0	1	0	0	1	0	0	0	0	1	0
ind194	42	1	0	0	1	0	1	0	0	1	0	1	0	0	0	0	1	1	1	1	0	1	0	1	1	1	1	0	0	0	1	1	1	1	1	0	1	0	1	0	1	1	1	0	1	1	0	1	0	0	1	1	1	1	1	1	0	0	1	1	1	0	0	1	1	0	0	1	1	0	1	0	0	1	1	1	0	1	1	0	0	0	1	0	1	1	1	1	1	0	1	1	1	0	0	1	0	0	0	1	1	0	1	0	1	1	1	0	1	1	0	1	1	1	1	1	0	1	1	0	0	1	1	0	1	0	0	1	0	0	0	0	0	1	0	1	1	0	1	1	1	1	1	0	0	1	0	0	1	1	1	1	0	1	1	1	1	0	1	0	0	1	0	0	0	1	1	0
ind195	42	0	0	1	1	0	1	1	0	1	0	1	0	0	0	0	1	0	1	1	0	1	0	1	1	1	1	1	1	0	1	1	1	1	1	1	1	0	0	0	1	1	1	0	1	1	0	0	1	0	1	1	1	1	1	1	1	0	1	1	1	0	0	1	1	0	0	1	1	1	0	0	0	1	1	1	0	1	1	0	0	0	1	0	1	0	0	1	1	0	1	1	1	0	0	0	1	1	0	1	1	0	1	1	1	1	1	0	1	1	0	1	1	1	0	1	0	1	1	1	0	1	1	1	1	0	0	1	0	0	0	0	0	1	0	1	1	0	0	1	1	1	1	1	0	1	0	0	1	1	1	1	0	1	1	1	1	0	1	0	0	1	1	0	1	0	1	0
ind196	42	1	0	0	1	0	1	1	0	1	0	1	0	0	0	0	1	0	1	1	0	1	0	1	1	1	1	1	1	0	1	1	1	1	1	0	1	0	1	0	1	1	1	0	1	1	0	0	1	0	1	1	1	1	0	1	1	0	1	1	1	0	0	1	1	0	0	1	1	0	0	0	0	1	1	1	0	1	1	0	0	0	1	0	1	1	0	1	1	0	1	1	1	0	1	0	1	1	0	1	1	0	1	0	1	1	1	0	1	1	0	1	1	1	1	1	0	1	1	1	0	1	1	0	1	0	0	1	0	1	0	1	0	1	0	1	1	0	1	1	1	1	1	1	0	1	0	0	1	1	1	1	0	1	1	1	1	0	1	0	0	1	0	1	0	0	1	0
ind197	42	0	0	0	1	0	1	0	0	1	0	1	0	0	0	0	1	1	1	1	0	1	0	1	1	1	1	1	1	0	1	1	1	1	1	0	1	0	1	0	1	1	1	0	1	1	0	1	1	0	1	1	1	1	1	1	0	0	1	1	1	0	0	1	1	0	0	1	1	0	1	1	0	1	1	1	0	1	1	0	1	0	1	0	1	0	1	1	1	0	1	1	1	0	1	0	1	1	0	1	1	0	0	1	1	1	1	0	1	1	0	1	1	1	0	1	0	1	1	0	0	1	1	1	1	0	1	1	0	0	0	0	0	1	0	1	1	0	1	1	1	1	0	1	0	1	0	0	1	1	1	1	0	1	1	1	1	0	1	0	0	1	0	0	0	1	1	0
ind198	43	0	0	0	1	0	1	0	0	1	0	1	0	0	0	0	1	0	1	1	0	1	0	1	1	1	1	0	1	0	1	1	1	1	1	0	1	0	1	0	1	1	1	0	1	1	0	0	1	0	1	1	1	1	1	1	1	1	1	1	1	1	0	1	1	0	0	1	1	0	1	0	0	1	0	1	0	1	1	0	0	0	0	0	1	0	0	1	1	0	1	0	0	0	0	0	0	1	0	1	1	0	0	0	1	1	1	0	1	1	0	1	1	1	1	1	0	1	1	0	0	1	1	1	1	0	0	1	0	0	0	0	0	1	0	1	1	0	1	1	1	1	1	0	0	1	0	0	1	1	1	1	0	1	1	1	1	0	1	0	0	1	0	0	0	0	1	0
ind199	43	0	0	0	1	0	0	1	0	1	0	1	0	0	0	0	1	1	1	1	0	1	0	0	1	1	1	1	1	0	1	1	1	1	1	0	1	0	0	1	1	1	1	0	1	1	0	0	1	0	1	1	1	1	1	1	1	0	0	1	0	0	0	1	1	0	0	1	1	0	1	0	1	1	0	1	0	1	1	0	0	0	1	1	1	0	0	1	1	0	1	0	1	0	0	0	0	1	0	1	1	0	0	1	1	1	1	0	1	1	0	1	1	1	1	1	0	1	1	0	0	0	1	1	1	1	0	1	0	0	0	1	0	1	0	1	1	0	1	1	1	1	1	1	0	1	0	0	1	1	1	1	1	1	1	1	1	0	1	0	0	1	0	0	0	1	1	0
ind200	43	0	0	0	1	0	1	1	0	1	0	1	0	0	0	0	1	0	1	1	0	1	0	1	1	1	1	1	1	0	1	1	1	1	1	0	1	0	0	0	1	1	1	0	1	1	0	0	1	0	1	1	1	1	1	1	1	0	1	1	1	0	0	1	1	0	0	1	1	0	1	0	1	1	1	1	0	1	1	0	0	0	1	0	1	1	0	1	0	0	1	1	1	0	0	0	1	1	0	1	1	0	1	1	1	1	1	0	1	1	0	1	1	1	1	1	0	1	1	0	0	1	1	1	1	0	1	1	0	0	0	0	0	1	0	1	1	0	1	1	1	1	1	0	0	1	0	0	1	1	1	1	1	1	1	1	1	0	1	0	0	1	0	1	0	1	1	0
ind201	44	0	1	0	1	0	0	1	0	1	0	1	0	0	0	0	1	0	1	1	0	1	0	1	1	1	1	0	0	0	1	1	1	1	1	0	1	0	1	0	1	1	1	0	1	1	0	1	0	0	1	1	1	1	1	1	0	0	1	1	1	0	0	1	1	0	0	1	1	0	1	0	0	1	1	1	0	1	1	0	1	0	0	0	1	1	1	1	1	0	1	1	1	0	0	0	1	1	0	1	1	0	1	0	1	1	1	0	1	1	0	1	1	0	1	1	0	1	1	0	0	0	1	1	1	0	1	1	0	0	0	1	0	1	0	1	1	0	1	1	1	1	1	0	0	1	0	0	1	1	1	1	0	1	1	1	1	0	1	0	0	1	0	0	1	1	1	0
ind202	44	0	0	0	0	0	1	0	0	1	0	1	0	0	0	1	1	0	1	1	0	1	0	0	1	1	1	1	0	0	1	1	1	1	1	0	1	0	1	0	1	1	1	0	1	1	0	1	1	0	1	1	1	1	1	1	0	0	1	1	1	0	0	1	1	0	0	1	1	0	1	0	1	1	0	1	0	1	1	0	1	0	1	0	1	1	0	1	1	1	1	1	1	0	0	0	1	1	0	1	1	0	0	1	1	1	1	0	1	1	0	1	1	1	1	1	0	1	1	0	0	1	1	1	1	0	0	1	0	1	0	0	0	1	0	1	1	0	1	1	1	1	1	0	0	1	0	0	1	1	1	1	0	1	1	1	1	0	1	0	0	1	0	0	1	1	1	0
ind203	44	0	0	1	1	0	1	1	0	1	0	1	0	0	0	0	1	0	1	1	0	1	0	1	1	1	1	0	1	0	1	1	1	1	1	0	1	1	1	0	1	1	1	0	1	1	0	1	1	1	0	1	1	1	1	1	0	0	1	1	1	0	0	1	1	0	0	1	1	0	1	0	0	1	0	1	0	1	1	0	1	0	1	0	1	1	1	1	1	0	1	1	1	0	0	0	1	1	0	1	1	0	1	1	1	1	1	0	1	1	0	1	1	1	0	1	0	1	1	0	0	1	1	1	1	0	0	1	0	0	0	0	0	1	1	1	1	0	1	1	1	1	1	0	0	1	0	0	1	1	1	1	0	1	1	1	1	0	1	0	0	1	0	0	0	1	1	0
ind204	44	0	0	0	0	1	1	1	0	1	0	1	0	0	0	1	1	0	1	1	0	1	0	1	1	1	1	1	0	0	1	1	1	1	1	1	1	0	1	0	1	1	1	0	1	1	1	1	1	0	1	1	1	1	1	1	1	0	1	1	1	0	0	1	1	0	0	1	1	1	1	0	0	1	1	1	0	1	1	0	0	0	1	0	1	0	1	1	1	0	1	1	1	0	0	0	1	1	0	1	1	0	0	0	1	1	1	0	1	1	0	1	1	1	1	1	0	1	1	1	0	1	1	1	1	0	0	1	0	0	0	0	0	1	0	1	1	0	0	1	1	1	1	1	0	1	0	0	1	1	1	0	0	1	1	1	1	0	1	0	0	1	0	0	1	1	0	0
ind205	45	1	0	0	0	0	1	1	0	1	0	1	0	0	0	0	1	0	1	1	0	1	0	0	1	1	1	1	1	0	1	1	1	1	1	0	1	0	1	0	1	1	1	0	1	1	0	1	1	1	1	1	1	1	1	1	0	0	0	1	1	0	0	1	1	0	0	1	1	0	1	0	0	1	0	1	0	1	1	0	1	0	0	0	0	1	0	1	1	0	1	1	0	0	0	0	0	1	0	1	1	0	0	0	1	1	1	0	1	1	0	1	1	1	1	1	0	1	1	0	0	1	1	0	1	0	0	1	0	0	0	0	0	1	0	0	1	0	1	1	1	1	1	1	0	1	0	0	1	1	1	1	0	0	1	1	1	0	1	0	0	1	0	0	0	1	1	1
ind206	45	1	0	0	1	0	1	1	0	1	0	0	0	0	0	0	1	0	1	1	0	1	0	1	1	1	1	1	0	0	1	1	1	1	1	0	1	0	1	0	1	1	1	0	0	1	0	1	1	1	1	1	1	1	1	1	1	0	0	1	1	0	0	1	1	0	0	1	1	0	1	0	0	1	0	1	0	1	1	0	1	0	1	0	1	1	0	1	1	0	1	0	0	0	1	1	0	1	0	1	1	0	0	0	1	1	1	0	1	1	0	1	1	1	0	1	0	1	1	0	0	1	1	0	0	0	0	1	0	1	0	0	0	1	0	1	1	0	1	1	1	1	1	1	0	1	0	0	1	1	1	1	1	0	1	1	1	0	1	0	0	1	0	0	0	0	1	0
ind207	45	1	0	0	1	0	1	0	0	1	0	1	0	0	0	0	1	0	1	1	0	1	0	1	1	1	1	1	0	0	1	1	1	1	1	0	1	0	0	0	1	1	1	0	1	1	0	1	1	0	1	1	1	1	1	1	1	0	0	1	1	0	0	1	1	0	0	1	1	0	1	0	0	1	1	1	0	1	1	0	1	0	1	0	1	1	0	1	0	0	1	0	1	0	0	0	0	1	0	1	1	0	0	1	1	1	1	0	1	0	1	1	1	1	1	1	0	1	1	0	0	1	1	0	1	0	0	0	0	1	0	1	0	0	0	1	1	0	1	1	1	1	1	0	0	1	0	0	1	1	1	1	1	1	1	1	1	0	1	0	0	1	0	0	0	1	1	0
ind208	45	0	0	1	1	0	1	1	0	1	0	1	0	0	0	0	1	0	1	1	0	1	0	1	1	1	1	1	1	0	1	1	1	1	1	1	1	0	0	0	1	1	1	0	1	1	0	0	1	1	1	1	1	1	1	1	0	0	1	1	1	0	0	1	1	0	0	1	1	0	1	0	0	1	0	1	0	1	1	0	0	0	1	0	1	0	0	1	1	0	1	1	1	0	0	0	0	1	0	1	1	0	0	0	1	1	1	0	1	1	0	1	1	1	1	1	0	1	1	0	0	1	1	0	1	0	0	0	0	1	0	0	0	1	0	1	1	0	1	1	1	1	1	1	0	1	0	0	1	1	1	1	0	1	1	1	1	0	1	0	0	1	0	0	1	0	1	0
ind209	45	1	0	0	1	0	1	0	0	1	0	1	0	0	0	0	1	0	1	1	0	1	0	1	1	1	1	1	1	1	1	1	1	1	1	0	1	0	1	0	1	1	1	0	1	1	0	1	1	0	1	1	1	1	1	1	1	0	0	1	1	0	0	1	1	0	0	1	1	0	1	0	0	1	1	1	0	1	1	0	1	0	1	0	1	0	0	1	1	0	1	1	1	0	0	0	1	1	0	1	1	0	0	0	1	1	1	0	1	1	0	1	1	1	1	1	0	1	1	0	1	1	1	0	0	0	0	1	0	0	0	1	0	1	0	1	1	0	1	1	1	1	1	0	0	1	0	0	1	1	1	1	1	1	1	1	1	0	1	0	0	1	0	0	0	0	1	0
ind210	46	1	0	0	0	0	1	1	0	1	0	1	0	0	0	0	1	0	1	1	0	1	0	1	1	1	1	1	0	0	1	1	1	1	1	0	1	0	1	0	1	1	1	0	1	1	0	0	0	0	1	1	1	1	1	1	1	0	1	1	1	0	0	1	1	0	0	1	1	0	1	0	0	1	1	1	0	1	1	0	1	0	1	0	1	0	0	1	1	0	1	0	1	0	1	0	1	1	1	1	1	0	0	0	1	1	1	0	1	1	0	1	1	1	0	1	0	1	1	0	0	0	1	0	1	0	0	1	0	1	0	1	0	1	0	1	0	0	1	1	1	1	0	1	0	1	0	0	1	1	1	1	1	1	1	0	1	0	1	0	0	1	0	0	0	0	1	0
ind211	46	1	0	0	1	0	1	0	0	1	0	1	0	0	0	1	1	0	1	1	0	1	0	1	1	1	1	1	0	0	1	1	1	1	1	0	1	0	1	0	1	1	1	0	1	1	0	0	1	1	1	1	1	1	1	1	1	0	1	1	1	1	0	1	1	0	0	1	1	0	1	0	0	1	1	1	0	1	1	0	0	0	1	0	1	0	1	1	1	0	1	1	1	0	0	0	1	1	1	1	1	0	0	0	1	1	1	0	1	1	0	1	1	1	1	1	0	1	1	0	0	1	1	0	1	0	0	1	0	0	0	0	0	1	0	1	1	0	1	1	1	1	1	0	0	1	0	0	1	1	1	1	0	1	1	1	1	0	1	0	0	1	0	0	0	0	1	0
ind212	46	1	0	0	1	0	1	1	0	1	0	1	0	0	0	0	1	0	1	1	0	1	0	1	1	1	1	0	0	0	1	1	1	1	1	0	1	0	0	0	1	1	1	0	1	1	0	0	1	0	1	1	1	1	1	1	0	1	1	1	1	0	0	1	1	0	0	1	1	0	1	0	1	1	0	1	0	1	1	0	1	0	1	0	1	1	1	1	1	1	1	1	1	0	0	1	0	1	0	1	1	0	0	0	1	1	1	0	1	1	0	1	1	1	1	1	0	1	1	0	0	1	1	0	1	0	0	1	0	0	0	1	0	1	0	1	1	0	1	1	1	1	1	1	0	1	0	0	1	1	1	1	0	0	1	1	1	0	1	0	0	1	0	0	0	1	1	0
ind213	46	1	0	0	1	0	1	1	0	1	0	1	0	0	0	0	1	0	1	1	0	1	0	1	1	1	1	1	0	0	1	1	1	1	1	1	1	0	1	0	1	1	1	0	1	1	0	0	1	0	1	1	1	1	1	1	1	1	1	1	1	0	0	1	1	0	0	1	1	0	1	0	0	1	1	1	0	1	1	0	1	0	1	0	0	1	0	1	0	0	1	0	1	0	0	1	0	1	0	1	1	0	0	0	1	1	1	0	1	1	0	1	1	1	1	1	1	1	0	0	0	1	1	1	1	0	0	1	0	1	0	0	0	1	0	1	1	0	1	1	1	1	1	1	0	1	0	0	1	1	1	1	0	0	1	1	1	0	1	0	0	1	1	0	0	0	1	0
ind214	46	1	0	0	1	0	1	1	0	1	0	1	0	0	0	0	1	0	1	1	0	1	0	1	1	1	1	1	0	0	1	1	1	1	1	0	1	0	1	0	1	1	1	0	1	1	0	0	1	1	1	1	1	1	1	1	0	1	1	1	1	0	0	1	1	0	0	1	1	0	1	0	1	1	1	1	0	1	1	0	1	0	1	0	1	1	1	1	0	0	1	1	1	0	0	1	0	1	0	1	1	0	0	0	1	1	1	0	1	1	0	1	1	1	0	1	0	1	1	0	0	1	1	0	1	0	0	1	0	1	0	0	0	1	0	1	1	0	1	1	1	1	1	1	0	1	0	0	1	1	1	1	0	1	1	1	1	0	1	0	0	1	0	0	0	0	1	0
ind215	47	0	0	1	0	0	0	1	0	1	0	1	0	0	0	0	1	0	0	1	0	1	0	0	1	1	1	1	0	0	1	1	1	1	1	0	1	0	0	0	1	1	1	0	1	1	0	1	1	0	1	1	1	1	1	1	0	0	1	1	1	0	0	1	1	0	0	1	1	0	1	0	0	1	1	1	0	1	1	0	1	0	0	0	1	1	0	1	1	0	1	1	1	0	1	0	1	1	0	1	1	0	1	0	1	1	1	0	1	1	0	1	1	1	1	1	0	1	1	0	0	1	1	1	1	0	0	1	0	0	0	0	0	1	0	1	1	0	1	1	1	1	1	0	0	0	0	0	1	1	1	1	0	1	1	1	1	0	1	0	0	1	0	0	0	1	1	0
ind216	47	0	0	0	0	0	1	1	0	1	0	1	0	0	0	0	1	0	1	1	0	1	0	0	1	1	1	0	0	0	1	1	1	1	1	0	1	0	0	0	1	1	1	0	1	1	0	1	1	0	1	1	1	1	1	0	1	0	1	1	1	0	0	1	1	0	0	1	1	0	1	0	0	1	0	1	0	1	1	0	1	0	1	0	1	1	0	1	1	0	1	1	1	0	0	0	1	1	0	1	1	0	1	0	1	1	1	0	1	0	0	1	1	1	1	1	1	1	1	1	0	0	1	1	1	0	0	1	0	1	0	0	0	1	0	1	1	0	1	1	1	1	1	1	0	1	0	0	1	1	1	1	1	1	1	1	1	0	1	0	0	1	0	0	0	0	1	0
ind217	47	0	0	1	1	0	0	1	0	1	0	1	0	0	0	0	1	0	1	1	0	1	0	0	1	0	1	0	0	0	1	1	1	1	1	0	1	0	1	0	1	1	1	0	1	1	0	1	1	0	1	1	1	1	1	1	1	0	1	1	1	1	0	1	1	0	0	1	1	0	1	0	0	1	0	1	0	1	1	0	1	0	1	0	0	1	1	1	1	0	1	1	1	0	0	1	0	1	0	1	1	0	1	0	1	1	1	0	1	1	0	1	1	1	1	1	0	1	1	0	0	0	1	1	1	0	0	1	0	0	0	0	0	1	0	1	1	0	1	1	1	1	1	0	0	1	0	0	1	1	1	1	1	1	1	1	1	0	1	0	0	1	0	0	0	1	1	0
ind218	47	0	1	0	1	0	0	1	0	1	0	1	0	0	0	0	1	0	1	1	0	1	0	0	1	1	1	1	1	0	1	1	1	1	1	0	1	0	1	0	1	1	0	0	1	1	0	1	1	0	1	1	1	1	1	1	1	0	1	1	1	0	0	1	1	0	0	0	1	0	1	0	0	1	1	1	0	1	1	0	1	0	0	1	0	1	0	1	1	0	1	1	1	0	0	0	1	1	0	1	1	0	1	1	1	1	1	0	1	1	0	1	1	0	1	1	0	1	1	1	0	1	1	1	1	0	0	1	0	0	0	1	0	1	0	1	1	0	1	1	1	1	1	0	1	1	0	0	1	1	1	1	1	1	1	0	1	0	1	0	0	1	0	0	0	1	1	0
ind219	48	0	0	0	1	0	1	1	0	1	0	1	0	0	0	0	1	0	1	1	0	1	0	1	1	1	1	1	1	0	1	1	1	1	1	0	1	0	0	0	1	1	1	0	1	1	0	0	1	0	1	1	1	1	1	1	0	0	1	1	1	0	0	1	1	0	0	1	1	0	1	0	0	1	1	1	0	1	1	0	0	0	1	0	1	0	0	1	1	1	1	0	1	0	0	0	1	1	0	1	1	0	0	0	1	1	1	0	1	1	0	1	1	1	0	1	1	1	1	0	0	1	1	1	1	0	0	1	0	0	0	0	0	1	0	1	1	0	1	1	1	1	1	0	0	1	0	0	1	1	1	1	1	1	1	1	1	0	1	0	0	1	0	0	0	1	1	0
ind220	48	1	0	0	0	0	1	1	0	1	0	1	0	0	0	0	1	0	1	1	1	1	0	1	1	1	1	1	1	0	1	1	1	1	1	0	1	0	0	0	1	1	1	0	1	1	0	1	1	0	1	1	1	1	1	1	0	0	0	1	1	0	0	1	1	0	0	1	1	0	1	0	0	1	1	1	0	1	1	0	1	0	1	0	0	1	0	1	1	1	1	0	1	0	0	0	1	1	0	1	1	0	0	1	1	1	1	0	1	1	0	1	1	1	1	1	0	1	1	0	0	1	1	0	1	0	0	1	0	0	0	1	0	1	0	1	1	0	1	1	1	1	1	0	0	1	0	0	1	1	1	1	1	1	1	1	1	0	1	0	0	1	0	0	0	0	1	0
ind221	48	1	0	0	1	0	1	0	0	1	0	1	0	0	0	0	1	0	1	1	0	1	0	1	1	1	1	1	0	0	1	1	1	1	1	0	1	0	0	0	1	1	1	0	1	1	0	0	1	0	1	1	1	1	1	1	1	0	1	1	1	0	0	1	1	0	0	1	1	0	1	0	0	0	1	1	0	1	1	0	0	0	1	0	1	1	0	1	1	1	1	0	1	0	0	0	1	1	0	1	1	0	0	1	1	1	1	0	1	1	0	1	1	1	1	1	0	1	1	0	0	1	1	1	1	0	0	1	0	0	0	1	0	1	0	1	1	0	1	1	1	1	1	0	0	1	0	0	1	1	1	1	1	1	1	1	1	0	0	0	1	1	0	0	1	1	1	0
ind222	48	0	0	0	1	0	1	1	0	1	0	1	0	0	0	0	1	0	1	1	0	1	0	1	1	1	1	1	0	0	1	1	1	1	1	0	1	0	1	0	1	1	1	0	1	1	0	1	1	0	1	1	1	1	1	1	0	1	1	1	1	0	0	1	1	0	0	1	1	0	1	0	1	1	1	1	0	1	1	0	1	0	1	0	0	1	1	1	1	0	1	1	1	0	0	0	1	1	0	1	1	0	0	0	1	1	1	0	1	1	0	1	1	1	1	1	0	1	1	0	0	1	1	1	1	0	1	1	0	1	0	0	0	1	0	1	1	0	1	1	1	1	1	0	0	1	0	0	1	1	1	1	0	1	1	0	1	0	1	0	0	1	0	0	0	1	1	0
ind223	49	0	0	0	0	1	1	1	0	1	0	1	0	0	1	0	1	0	1	1	0	1	0	1	1	1	1	0	0	0	1	1	1	1	1	0	1	0	1	0	1	1	1	0	0	1	0	1	0	0	1	1	1	1	0	1	1	0	1	1	1	0	0	1	1	0	0	0	1	1	1	0	0	0	1	1	0	1	1	0	0	0	1	0	1	0	1	1	1	0	1	1	1	0	0	0	0	1	0	1	1	0	0	1	1	1	1	0	1	1	0	1	1	1	1	1	0	1	1	0	0	0	1	1	1	0	0	1	0	0	0	0	0	1	0	1	1	0	1	1	1	1	1	1	0	1	0	0	1	1	1	1	0	1	1	1	1	0	1	0	0	1	0	0	0	0	0	0
ind224	49	0	1	0	0	0	1	1	0	1	0	1	0	0	0	0	1	0	1	1	0	1	0	1	1	1	1	1	0	0	1	1	1	1	1	0	1	0	1	0	1	1	1	0	1	1	0	1	1	0	1	1	1	1	1	1	0	1	1	0	1	0	0	1	1	0	0	1	1	0	1	0	0	0	1	1	0	1	1	0	0	0	1	0	1	1	1	1	1	0	1	1	1	0	0	0	1	1	0	1	1	0	0	1	1	1	1	0	1	1	0	1	1	1	1	1	0	1	1	0	0	1	1	1	1	0	0	1	0	1	0	0	0	1	0	1	1	0	0	1	1	1	1	0	0	1	0	0	1	1	1	1	1	1	1	1	1	0	1	0	0	1	1	0	0	0	1	0
ind225	49	0	0	1	1	0	1	1	0	1	0	1	0	0	0	0	1	0	1	1	0	1	0	1	0	1	1	1	0	0	1	1	1	1	1	0	1	0	0	0	1	1	0	0	1	1	0	1	1	0	1	1	1	1	1	1	0	1	1	1	1	0	0	1	1	0	0	1	1	0	1	0	0	0	1	1	0	1	1	0	1	0	1	0	1	0	1	1	1	0	1	1	1	0	0	0	1	1	1	1	1	0	1	0	1	1	1	0	1	1	0	1	1	1	1	1	0	1	1	0	0	1	1	1	1	0	0	1	0	1	0	0	0	1	0	1	1	0	1	1	1	1	1	1	0	1	1	0	1	1	1	1	0	1	1	1	1	0	1	0	0	1	1	0	0	1	1	0
ind226	50	1	0	0	1	0	0	0	0	1	0	0	0	0	0	0	1	0	1	1	0	1	0	1	1	1	1	0	0	0	1	1	1	1	1	0	1	0	0	0	1	1	1	0	1	1	0	1	1	0	1	1	1	1	1	1	1	0	1	1	1	1	0	1	1	0	0	1	1	0	1	0	0	1	0	1	0	1	1	0	1	0	1	0	1	0	0	1	1	0	1	1	1	0	0	0	0	1	0	1	1	0	0	0	1	1	1	0	1	1	0	1	1	0	1	1	0	1	1	0	0	1	1	1	1	0	0	1	0	0	0	1	0	1	0	1	1	0	1	1	1	1	1	0	0	1	0	0	1	1	1	1	0	1	1	1	1	0	1	0	0	1	0	0	0	0	1	0
ind227	50	0	0	0	1	1	1	0	0	1	0	1	0	0	0	1	1	0	1	1	0	1	0	1	1	1	1	1	0	1	1	1	1	1	1	0	1	0	1	0	1	1	1	0	1	1	0	1	1	0	1	1	1	1	1	1	1	0	1	1	1	0	0	1	1	0	0	1	1	0	1	0	0	1	1	1	0	1	1	0	0	0	1	0	1	1	0	1	1	0	1	1	1	0	0	1	0	1	0	1	1	0	0	0	1	1	1	0	1	1	0	1	1	1	1	1	0	1	1	0	0	1	1	1	1	0	0	1	0	0	0	1	0	1	0	1	1	0	1	1	1	1	1	0	0	1	0	0	1	1	1	1	0	1	1	1	1	0	1	0	0	1	0	0	0	1	1	0
ind228	50	0	0	0	1	0	1	1	0	1	0	1	0	0	0	0	1	0	1	1	0	1	0	1	1	1	1	0	1	0	1	1	0	1	1	0	1	0	0	0	1	0	0	0	1	0	1	0	1	0	1	1	1	1	1	1	0	0	0	1	1	0	1	1	1	0	0	1	1	0	0	0	1	1	1	1	0	1	1	1	0	0	0	0	1	1	0	0	1	0	1	1	0	1	0	1	0	1	1	0	1	0	0	0	1	1	1	0	1	1	0	1	1	1	1	1	0	1	1	0	1	1	1	1	1	1	0	1	0	1	0	0	0	0	1	1	1	1	0	1	1	1	1	1	0	1	1	0	1	1	1	1	1	1	1	1	1	1	1	0	0	1	0	1	0	1	1	1
ind229	51	1	0	0	1	0	0	1	0	1	0	1	0	0	0	0	1	0	1	1	0	1	0	1	1	1	1	0	1	0	1	1	1	1	1	0	1	0	1	0	1	1	1	0	1	1	0	1	1	0	1	1	1	1	1	1	1	1	0	1	1	0	0	0	1	0	0	1	1	0	1	0	1	1	0	1	0	1	1	0	1	0	0	0	0	1	1	1	0	0	1	1	1	0	0	1	0	1	0	1	1	0	0	0	1	1	1	0	1	1	0	1	1	1	0	1	0	1	1	0	0	1	1	1	1	0	0	1	0	0	0	0	0	0	0	1	1	0	1	1	0	1	1	1	0	0	0	0	1	1	1	1	1	1	1	1	1	0	1	0	0	1	0	0	0	1	1	0
ind230	51	0	1	0	1	0	1	1	0	1	0	1	0	0	0	0	1	0	1	1	0	1	0	1	1	1	1	1	0	0	1	1	1	1	1	0	1	0	1	0	1	1	1	0	1	1	0	1	1	0	1	1	1	1	1	1	1	0	1	1	1	0	0	1	1	0	0	1	1	0	1	0	0	1	1	1	0	1	0	0	1	0	1	0	0	0	0	1	1	0	1	0	1	0	0	0	1	1	0	1	1	0	0	0	1	1	1	0	1	1	0	1	1	1	0	1	0	1	1	0	0	1	1	1	1	0	0	1	0	0	0	0	0	1	0	1	1	0	0	1	1	1	1	1	0	1	0	0	1	1	1	1	0	1	1	1	1	0	1	0	0	1	0	0	0	1	1	0
ind231	51	0	1	0	1	0	1	0	0	1	0	1	0	0	0	0	1	0	1	1	0	1	0	1	1	1	1	1	1	1	1	1	1	1	1	0	1	0	0	0	1	1	0	0	1	1	0	0	1	0	1	1	1	1	1	1	1	0	0	1	1	0	0	0	1	0	0	1	1	1	1	0	0	0	1	1	0	1	1	0	1	0	1	0	1	1	1	1	0	0	1	1	1	0	0	0	0	1	0	1	1	0	0	0	1	1	1	0	1	0	0	1	1	1	1	1	0	1	1	0	0	1	1	1	1	0	1	1	0	1	0	0	0	1	0	1	1	0	1	1	1	1	1	1	0	1	0	0	1	1	0	1	0	1	1	1	1	0	1	0	0	1	0	0	0	1	1	0
ind232	51	1	0	0	1	0	1	1	0	1	0	1	0	0	0	0	1	0	1	1	0	1	0	1	1	1	1	1	1	0	1	1	1	1	1	1	1	1	1	0	1	1	1	0	1	1	0	1	1	0	1	1	1	1	1	1	1	0	0	1	1	0	0	1	1	0	0	1	1	0	1	0	0	1	0	1	0	1	1	0	1	0	1	0	1	1	1	1	1	0	1	1	1	0	0	0	1	0	0	1	1	0	0	0	1	1	1	0	1	1	0	0	1	1	0	1	1	1	1	0	0	1	1	1	1	0	1	0	0	1	0	0	0	1	0	1	1	0	1	1	1	1	1	1	0	1	0	0	1	1	1	1	0	0	1	1	1	0	1	0	0	1	0	0	0	0	1	0
ind233	51	1	0	0	1	0	1	0	0	1	0	1	0	0	0	0	1	0	1	1	0	1	0	1	1	1	1	0	0	0	1	1	1	1	1	0	1	0	1	0	1	1	1	0	1	1	0	1	0	0	1	1	1	1	1	1	1	1	1	1	0	0	1	1	1	0	1	1	1	1	1	0	1	1	1	1	0	1	1	0	1	0	1	0	0	1	1	1	0	0	1	1	1	0	0	0	1	1	0	1	1	0	0	0	1	1	1	0	1	1	0	1	1	1	0	1	0	1	1	0	0	1	1	1	1	0	1	1	0	1	0	0	0	1	0	1	1	0	1	1	1	1	0	1	0	1	0	0	1	1	1	1	1	1	1	1	1	0	1	0	0	0	1	0	0	0	1	0
ind234	52	1	0	0	1	0	1	1	0	1	0	1	0	0	0	0	1	0	1	1	0	1	0	0	1	1	1	0	1	0	1	1	1	1	1	0	1	0	0	0	1	1	1	0	1	1	0	1	1	0	1	1	1	1	1	1	1	0	0	1	1	0	0	1	1	0	0	1	1	0	1	0	0	1	0	1	0	1	1	0	0	0	1	0	1	0	1	1	1	0	1	0	1	0	0	1	0	1	0	1	1	0	0	0	1	1	1	0	1	0	0	1	1	1	1	1	0	1	1	0	0	1	1	0	1	0	0	1	0	1	1	0	0	1	0	1	1	0	1	1	1	1	1	0	0	1	0	0	1	1	0	1	1	1	0	1	1	0	1	0	0	1	0	0	0	0	1	0
ind235	52	0	0	0	1	0	1	1	0	1	0	1	0	0	0	0	1	0	1	1	0	1	0	1	1	1	1	0	0	0	1	1	1	1	1	0	1	0	0	0	1	1	1	0	1	1	0	1	1	0	1	1	1	1	1	1	1	0	1	1	1	1	0	1	1	0	0	1	1	0	1	0	0	1	1	1	0	1	1	0	1	0	1	0	0	0	0	1	1	0	1	1	1	0	0	0	0	1	0	1	1	0	0	0	1	1	1	0	1	1	0	1	1	1	1	1	0	1	1	0	0	1	1	0	1	0	0	1	0	0	0	0	0	1	0	1	1	0	1	1	1	1	1	0	0	1	0	0	1	1	1	1	0	1	1	1	1	0	1	0	0	1	0	0	1	0	1	0
ind236	52	0	0	0	1	0	0	1	0	1	0	1	0	0	0	0	1	0	1	1	0	1	0	0	1	1	1	1	1	0	1	1	1	1	1	0	1	1	1	0	1	1	1	0	1	1	0	1	1	0	1	1	1	1	1	1	1	0	1	1	1	0	0	1	1	0	0	0	1	0	1	0	0	1	0	1	0	1	1	0	1	0	1	0	1	1	1	1	1	0	1	0	1	0	0	1	0	1	0	1	1	0	0	0	1	1	1	0	1	0	1	1	1	1	1	1	0	1	1	0	0	1	1	1	1	0	0	1	0	1	0	0	0	1	0	1	1	0	1	1	1	1	1	0	0	1	0	0	1	1	1	1	1	1	1	1	1	0	1	0	0	1	0	0	0	1	1	0
ind237	52	0	0	0	0	0	1	0	0	1	0	1	0	0	0	0	1	0	1	1	0	1	0	1	1	1	1	1	1	0	1	1	1	1	1	0	1	0	1	0	1	1	1	0	1	1	0	1	1	0	1	1	1	1	1	1	1	1	0	1	1	0	0	1	1	0	0	1	1	0	1	0	0	1	1	1	0	1	1	0	1	0	1	0	1	1	0	1	1	0	1	0	1	0	0	0	1	1	0	1	1	0	1	0	1	1	1	0	1	1	0	1	1	1	1	1	1	1	1	0	0	1	1	1	1	0	0	1	0	1	0	1	0	1	0	1	1	0	0	1	1	1	1	1	0	1	0	0	1	1	1	1	1	1	1	1	1	0	1	0	0	1	0	0	0	1	1	0
ind238	52	0	0	1	1	0	0	0	0	1	0	1	0	0	0	0	1	0	1	1	0	1	0	1	0	1	1	0	0	0	1	1	1	1	1	1	1	0	1	0	1	1	1	0	1	1	0	1	0	1	1	1	1	1	1	1	1	0	1	1	1	0	0	1	1	0	0	1	1	1	1	1	0	1	1	1	0	1	1	0	1	0	1	0	1	1	1	1	1	1	1	1	1	0	0	0	1	1	0	1	1	0	1	0	1	1	1	0	1	1	0	1	1	1	0	1	0	1	1	0	0	1	1	1	1	0	1	1	0	0	0	0	0	1	0	1	1	1	0	1	1	1	1	1	0	1	0	0	1	1	1	1	0	1	1	1	1	0	1	0	0	1	0	0	0	1	1	0
ind239	53	0	1	0	1	1	1	0	0	1	0	0	0	0	0	0	1	0	1	1	0	1	0	1	1	1	1	1	0	0	1	1	1	1	1	0	1	0	0	0	1	1	1	0	1	1	0	1	1	0	1	1	1	1	1	1	0	0	1	1	1	0	0	1	1	0	0	0	1	0	1	0	0	1	1	1	0	1	1	0	1	0	1	0	1	1	1	1	1	0	1	1	1	0	0	0	1	1	0	1	1	0	1	0	1	1	1	0	1	1	0	1	1	1	1	1	0	1	1	0	0	0	1	1	1	0	0	1	0	1	0	0	0	1	0	1	1	0	1	1	1	1	1	0	0	1	0	0	1	1	1	1	1	1	1	1	1	0	1	0	0	1	0	0	0	1	1	0
ind240	53	0	0	1	1	0	1	0	0	1	0	0	0	0	0	0	1	0	1	1	0	1	0	1	1	1	1	1	0	0	1	1	1	1	1	0	1	0	1	0	1	1	1	0	1	1	0	0	1	0	1	1	1	1	1	1	1	1	1	1	0	0	0	1	1	0	0	1	1	0	1	1	1	1	1	1	0	1	1	0	0	0	1	0	1	0	1	1	1	1	1	1	1	0	0	1	0	1	0	1	1	0	0	1	1	1	1	0	1	1	0	1	1	1	0	1	0	1	1	0	0	1	1	1	1	0	0	1	0	1	0	1	0	1	0	1	1	0	1	1	1	1	1	0	0	1	1	0	1	1	1	1	0	1	1	1	1	0	1	0	0	1	0	0	0	0	1	0
ind241	53	0	0	1	1	0	1	1	0	1	0	1	0	0	0	0	1	0	1	1	0	1	0	1	1	1	1	1	1	0	1	1	1	1	1	0	1	1	0	0	1	1	1	0	1	1	0	0	1	0	1	1	1	1	1	1	1	0	1	1	1	0	0	1	1	0	0	1	1	0	1	0	0	1	1	1	0	1	1	0	1	0	1	0	0	0	0	1	1	1	1	1	1	0	0	0	1	1	0	1	1	0	1	1	1	1	1	0	1	0	1	1	1	1	1	1	0	1	1	1	0	1	1	0	1	0	0	1	0	1	0	0	0	1	0	1	1	0	1	1	1	1	1	0	0	1	0	0	1	1	1	1	0	1	1	1	1	0	1	0	0	1	0	0	0	1	1	0
ind242	53	0	0	1	1	0	1	1	0	1	0	1	0	0	0	0	1	0	1	1	0	1	0	1	1	1	1	0	0	0	1	1	1	1	1	0	1	1	1	0	1	1	1	0	1	1	0	1	1	0	1	1	1	1	1	1	1	0	1	1	1	0	0	1	1	0	0	1	1	0	1	0	0	1	1	1	0	1	1	0	1	0	1	0	0	0	1	1	1	1	1	1	1	0	0	0	0	1	0	1	1	0	1	0	1	1	1	0	1	1	0	1	1	1	1	1	0	1	1	0	0	1	1	1	1	0	0	1	0	1	0	1	0	1	0	1	1	0	1	1	1	1	1	0	0	1	0	0	1	1	1	1	1	1	1	1	1	0	1	0	0	1	0	0	0	1	1	0
ind243	54	1	0	0	1	0	1	0	0	1	0	1	0	0	0	0	1	0	1	1	0	1	0	1	1	1	1	1	0	0	1	1	1	1	1	0	1	0	1	0	1	1	1	0	1	1	0	1	1	0	1	1	1	1	1	1	1	0	1	1	1	0	0	1	1	0	0	1	1	0	1	0	0	1	0	1	0	1	1	0	1	0	1	0	0	0	0	1	1	0	1	0	1	0	0	0	1	1	0	1	1	0	0	1	1	1	1	0	1	1	0	1	1	1	0	1	0	1	1	0	0	0	1	0	1	0	0	1	0	1	0	0	0	1	0	1	1	0	1	1	1	1	1	1	0	1	0	0	1	1	1	1	1	1	1	1	1	0	1	0	0	0	0	0	0	1	1	0
ind244	54	0	0	0	1	0	1	0	0	1	1	1	0	0	0	0	1	1	1	1	0	1	0	1	1	1	1	0	0	0	1	1	1	1	1	0	1	0	1	0	1	1	1	0	1	1	0	1	0	0	1	1	1	1	1	1	0	0	1	1	1	0	0	1	1	0	0	1	1	0	1	0	0	1	1	1	0	1	1	0	1	0	1	1	1	1	0	1	1	0	1	0	1	0	0	0	1	1	0	1	1	0	1	0	1	1	1	0	1	1	0	1	1	1	0	1	0	1	1	0	0	1	1	1	1	0	0	1	0	0	0	0	0	1	0	1	1	0	1	1	1	1	1	0	0	1	0	0	1	1	1	1	1	1	1	1	1	0	1	0	0	1	0	0	0	0	1	0
ind245	54	1	0	0	1	0	1	0	0	1	0	1	0	0	0	0	1	0	1	1	0	1	0	1	1	1	1	1	0	0	1	1	1	1	1	0	1	0	1	0	1	1	1	0	1	1	0	1	1	1	1	1	1	1	1	1	0	0	1	1	1	0	0	1	1	0	0	1	1	0	1	0	0	1	1	1	0	1	1	0	0	0	1	0	1	1	0	1	1	0	1	1	1	0	0	0	1	1	0	1	1	0	0	0	1	1	1	0	1	1	0	1	1	1	1	1	0	1	1	0	0	1	1	1	1	0	0	1	0	0	0	0	0	1	0	1	1	0	1	1	1	1	1	0	0	1	0	0	1	1	1	1	0	1	1	1	1	0	1	0	0	1	0	0	0	0	1	0
ind246	54	1	0	0	1	0	1	0	0	1	0	1	0	0	0	1	1	0	1	1	0	1	0	0	1	1	1	1	0	0	1	1	1	1	1	0	1	0	1	0	1	1	1	0	1	1	0	1	0	0	1	1	1	1	1	1	1	0	1	1	1	0	0	1	1	0	0	1	1	0	1	0	0	1	0	1	0	1	1	0	0	0	1	0	1	0	0	1	1	0	1	1	1	1	1	0	1	1	0	1	1	0	0	1	1	1	1	0	1	1	0	1	1	1	0	1	0	1	1	0	0	1	1	0	1	0	0	1	0	1	0	0	0	1	0	1	1	0	1	1	1	1	1	0	0	1	1	0	1	1	1	1	0	1	1	1	1	0	1	0	0	1	0	0	1	0	1	0
ind247	55	0	0	1	1	0	0	1	0	1	0	1	0	0	0	0	1	0	1	1	0	1	0	1	1	1	1	0	1	0	1	1	1	1	1	0	1	0	0	0	1	1	1	0	1	1	0	0	1	0	1	1	1	1	1	1	0	1	0	1	0	0	0	1	1	0	0	0	1	0	1	0	0	1	0	1	0	1	1	0	0	0	1	0	1	1	0	1	1	0	1	1	1	0	0	0	1	1	0	1	1	0	0	0	1	1	1	0	1	1	0	1	1	1	0	1	0	1	1	0	0	1	1	1	1	0	1	1	0	0	1	1	0	0	0	1	1	0	1	1	1	1	0	1	0	1	0	0	1	1	1	1	0	1	1	1	1	0	1	0	0	1	0	0	0	1	1	0
ind248	55	0	0	1	1	0	1	1	0	1	1	1	1	0	0	0	1	0	1	1	0	1	0	1	1	1	1	0	0	0	1	1	1	1	1	0	1	0	1	0	1	1	1	0	1	1	0	1	1	0	1	1	1	1	1	1	0	1	1	1	1	0	0	1	1	0	0	1	1	0	1	0	0	1	1	1	0	1	1	0	1	0	1	0	0	0	0	1	1	0	1	1	1	0	0	0	1	1	0	1	1	0	1	0	1	1	1	0	1	0	0	1	1	1	0	1	0	1	1	0	0	1	1	1	0	0	0	1	0	0	0	0	0	1	0	1	1	0	1	1	1	1	1	0	0	1	0	0	1	1	1	1	1	1	1	0	1	0	1	0	0	1	0	0	0	1	1	0
ind249	55	0	0	1	1	0	1	0	0	1	0	1	0	0	0	0	1	0	1	1	0	1	0	1	1	1	1	1	0	0	1	1	1	1	1	0	1	0	1	0	1	1	1	0	1	1	0	1	1	0	1	1	1	1	1	1	0	1	1	0	0	0	0	1	1	0	0	1	1	0	1	0	1	1	0	1	0	1	1	0	1	0	1	0	1	0	1	1	1	0	1	0	1	0	0	0	1	1	0	1	1	0	0	0	1	1	1	0	1	1	0	1	1	1	1	1	1	1	1	0	0	1	1	1	1	0	1	1	0	0	1	1	0	1	0	1	1	0	1	1	1	1	1	1	0	1	1	0	1	1	1	1	1	1	1	1	1	0	1	0	0	1	0	0	1	1	1	0
ind250	55	0	0	1	1	0	0	1	0	1	0	1	0	0	0	0	1	0	1	1	0	1	0	1	1	1	1	1	1	0	1	1	1	1	1	0	1	0	1	0	1	1	1	0	0	1	0	1	1	0	1	1	1	1	1	1	1	1	0	1	1	0	0	1	1	0	0	1	1	1	1	0	0	1	1	1	0	1	1	0	1	0	1	0	0	1	1	1	1	0	1	1	1	0	0	0	1	1	0	1	1	0	0	0	1	1	1	0	1	1	0	1	1	1	1	1	1	1	1	0	0	1	1	1	1	0	0	1	0	1	0	0	0	1	0	1	1	0	1	1	1	1	1	1	0	1	0	0	1	1	1	1	1	1	1	1	1	0	1	0	0	1	0	0	0	1	1	0
ind251	56	0	0	1	1	0	1	1	0	1	0	1	0	0	0	0	1	0	1	1	0	1	0	0	1	1	1	0	0	0	1	1	1	1	1	0	1	0	1	0	1	1	1	0	1	1	0	0	1	0	1	1	1	1	1	1	0	0	1	1	1	0	0	1	1	0	0	1	1	0	1	0	1	1	1	1	0	1	1	0	1	0	1	0	1	0	0	1	0	0	1	1	1	1	0	0	1	1	0	1	1	0	0	0	1	1	1	0	1	1	0	1	1	1	0	1	0	1	1	1	1	0	1	0	1	0	0	1	0	0	0	0	0	1	0	1	1	0	1	1	1	1	1	1	0	1	0	0	1	1	1	1	0	1	1	1	1	0	1	0	0	1	0	0	0	1	1	0
ind252	56	0	0	1	1	0	1	0	0	1	0	0	0	0	0	1	1	0	1	1	0	1	0	1	1	1	1	1	1	0	1	1	1	1	1	0	1	0	1	0	1	1	0	0	1	1	0	0	1	1	1	1	1	1	1	1	1	0	1	1	1	0	0	1	1	0	0	1	1	0	1	0	0	1	0	1	1	1	1	0	0	0	1	0	1	0	0	1	1	0	1	1	1	0	0	0	0	1	0	1	1	0	0	0	1	1	1	0	1	1	0	1	1	1	1	1	0	1	1	0	0	1	1	1	1	1	0	0	0	0	0	0	0	1	0	1	1	0	1	1	1	1	1	1	0	1	1	0	1	1	1	1	0	1	1	0	1	0	1	0	0	1	0	0	0	0	1	0
ind253	56	0	0	0	0	0	1	0	0	1	0	1	0	0	0	0	1	0	1	1	0	1	0	1	1	1	1	1	0	0	1	1	1	1	1	0	1	0	1	0	1	1	0	0	1	1	0	0	1	0	1	1	1	1	1	1	1	0	1	1	1	0	1	1	1	0	0	1	1	0	1	0	0	1	1	1	0	1	1	0	1	0	1	0	0	1	1	1	1	0	1	1	1	0	0	0	1	1	0	1	1	0	0	0	1	1	1	0	1	1	0	1	1	1	0	1	0	1	1	1	0	1	1	1	1	0	1	1	0	1	0	0	0	1	1	1	1	0	1	1	1	1	1	1	0	1	0	0	1	1	1	1	0	1	1	1	1	0	1	0	0	1	0	0	0	1	1	0
ind254	56	0	0	1	1	0	1	1	0	1	0	1	0	0	1	0	1	0	1	1	0	1	0	1	1	1	1	1	0	0	0	1	1	1	1	0	1	0	1	0	1	1	0	0	1	1	0	1	1	1	0	1	1	1	1	1	0	1	1	1	1	1	0	0	1	0	0	1	1	1	1	0	1	1	0	1	0	1	1	0	1	0	1	1	1	0	0	1	1	0	1	1	1	0	0	0	1	0	1	1	1	0	0	0	1	1	1	0	1	1	0	1	1	1	1	0	0	1	1	0	0	1	1	1	0	0	0	1	0	0	0	0	0	0	0	1	1	0	1	1	1	1	1	0	1	1	0	0	1	1	1	1	1	1	1	0	1	1	1	0	1	1	0	0	0	1	1	0
ind255	57	0	0	0	1	0	1	0	0	1	0	0	0	0	1	0	1	0	1	1	0	1	0	1	1	1	1	1	0	0	1	1	1	1	1	0	1	0	1	0	1	1	1	0	1	1	0	1	0	0	1	1	1	1	1	1	1	0	1	1	1	0	0	1	1	0	0	1	1	0	1	0	0	1	0	1	0	1	1	0	1	0	0	0	0	0	1	1	0	1	1	1	1	0	0	0	1	1	0	1	1	1	0	0	1	1	1	0	1	1	0	1	1	1	0	1	0	0	1	0	0	1	1	0	1	0	0	1	0	0	0	0	0	0	0	0	1	0	1	1	1	1	1	0	0	1	0	0	1	1	1	1	0	1	1	1	1	0	1	0	0	0	0	0	0	0	1	0
ind256	57	0	0	0	0	0	1	0	0	1	0	1	0	0	0	0	1	0	1	1	0	1	0	1	1	1	1	0	0	0	1	1	1	1	1	0	1	0	1	0	1	1	1	0	1	1	0	1	0	0	1	1	1	1	1	1	1	0	1	1	1	0	0	1	1	0	0	1	1	0	1	0	0	1	1	1	0	1	1	0	1	0	1	0	1	1	1	1	1	0	1	0	1	0	0	0	1	1	0	1	1	0	0	0	1	1	1	1	1	1	0	1	1	1	0	1	0	1	1	0	0	1	1	1	1	1	0	1	0	0	0	0	0	1	0	1	1	0	1	1	1	1	1	1	0	1	0	0	1	1	1	1	0	1	1	1	1	0	1	0	0	1	0	0	0	0	1	0
ind257	57	0	0	0	0	1	1	1	0	1	0	1	0	0	0	0	1	0	1	1	0	1	0	0	1	1	1	1	0	0	1	1	1	1	1	0	1	0	1	0	1	1	1	0	1	1	0	0	0	0	1	1	1	1	1	1	1	0	1	1	1	1	0	1	1	0	0	1	1	0	1	0	0	1	1	1	0	1	1	0	1	0	1	0	1	1	0	1	1	1	1	1	1	0	0	0	1	1	0	1	1	0	0	0	1	1	1	0	1	1	0	1	1	1	1	1	0	1	1	0	0	0	1	1	1	1	0	1	0	0	0	0	0	1	0	1	1	0	1	1	1	1	1	0	0	1	0	0	1	1	1	1	0	1	1	1	1	0	1	0	0	1	0	0	1	0	1	0
ind258	57	1	0	0	1	0	1	0	0	1	0	1	0	0	0	0	1	0	1	1	0	1	0	1	1	1	1	1	0	0	1	1	1	1	1	0	1	0	1	1	1	1	1	0	1	1	0	0	1	0	1	1	1	1	1	1	1	0	1	1	1	1	0	1	1	0	0	1	1	0	1	0	1	1	1	1	0	1	1	0	1	0	1	0	1	0	1	1	1	0	1	1	1	0	0	1	0	1	0	1	1	0	1	1	1	1	1	0	1	0	0	1	1	1	1	1	0	1	1	0	0	1	1	0	0	0	0	1	0	0	0	1	0	1	0	1	1	0	1	1	0	1	1	0	0	1	0	0	1	1	1	1	0	0	1	1	1	0	1	0	0	1	0	0	0	1	1	0
ind259	58	1	0	0	0	0	1	0	0	1	0	1	0	0	0	0	1	0	1	1	0	1	0	1	1	1	1	1	0	0	1	1	1	1	1	0	1	0	0	0	1	1	1	0	1	1	0	0	1	0	1	1	1	1	1	1	1	1	0	1	1	0	0	1	1	0	0	1	1	0	1	0	0	1	1	1	0	1	1	0	1	0	1	0	1	1	0	1	1	0	1	1	1	0	0	0	1	1	0	1	1	0	0	0	1	1	1	0	1	1	0	1	1	0	1	1	0	1	1	1	0	1	1	0	1	0	0	1	0	0	0	0	0	1	0	1	0	0	1	1	1	1	1	0	0	1	0	0	1	1	1	1	1	0	1	0	1	0	1	0	0	1	0	0	0	0	1	0
ind260	58	1	0	0	1	0	1	0	0	1	0	1	0	0	0	1	1	0	1	1	0	1	0	1	1	1	1	0	1	0	1	1	1	1	1	0	1	1	0	1	1	1	1	0	1	1	0	0	1	1	0	1	1	1	1	1	1	0	1	1	1	0	0	1	1	0	0	1	1	0	1	0	0	1	1	1	0	1	1	0	0	0	1	1	1	0	0	1	0	0	1	0	1	0	0	0	0	1	0	1	1	0	0	0	1	1	1	0	1	1	0	1	1	1	1	1	0	1	0	0	1	1	1	0	1	0	0	1	0	0	0	1	0	0	0	1	0	0	1	1	1	1	1	0	0	1	1	0	1	1	1	1	1	0	1	1	1	0	1	0	0	1	0	0	0	0	1	0
ind261	58	1	0	0	1	0	1	0	0	1	0	1	0	0	0	0	1	0	1	1	0	1	0	0	1	1	1	1	0	0	1	1	1	1	1	0	1	0	0	0	1	1	1	0	1	1	0	0	1	0	1	1	1	1	1	1	1	0	0	1	1	0	0	1	1	0	0	1	1	0	1	0	1	1	1	1	0	1	1	0	0	0	1	1	1	0	0	1	1	0	1	1	1	0	1	0	0	1	0	1	1	0	0	0	1	1	1	0	1	1	0	1	1	1	1	1	0	1	1	0	0	1	1	0	1	1	0	1	0	0	0	0	0	1	0	1	1	0	1	1	1	1	1	0	0	1	0	0	1	1	1	1	0	1	1	1	1	0	1	0	0	1	0	0	0	0	1	0
ind262	58	0	0	1	1	0	1	0	0	1	0	1	0	0	0	0	1	0	1	1	0	1	0	1	1	1	1	1	0	0	1	1	1	1	1	0	1	0	0	0	1	1	1	0	1	1	0	0	1	0	1	1	1	1	0	1	0	1	1	1	1	0	0	1	1	0	0	1	1	0	1	0	1	1	1	1	0	1	1	0	0	0	1	0	1	1	0	1	1	0	1	1	1	0	0	0	1	1	0	1	1	0	0	0	1	1	1	0	1	1	0	1	1	1	1	1	0	1	1	0	0	1	1	0	1	0	0	1	0	1	0	0	0	1	0	1	0	0	1	1	1	1	1	0	0	1	0	1	0	1	1	1	0	1	1	1	1	0	1	0	0	1	1	0	0	0	1	0
ind263	58	0	0	1	1	0	1	1	0	1	0	0	0	0	0	0	1	0	1	1	0	1	0	1	1	1	1	0	0	0	1	1	1	1	1	0	1	0	1	0	1	1	1	0	1	1	0	0	1	0	1	1	1	1	1	1	1	1	1	1	1	0	0	1	1	0	0	1	1	0	1	0	0	1	1	1	0	1	1	0	1	0	1	0	0	1	0	1	1	0	1	1	1	0	0	1	0	1	0	1	1	0	0	0	1	1	1	0	1	1	0	1	1	1	0	1	0	1	1	0	0	1	1	0	1	0	0	1	0	1	0	0	0	1	0	0	1	0	1	1	1	1	0	1	0	1	1	0	1	1	1	1	1	1	1	1	1	0	1	0	0	1	0	0	0	0	1	0
ind264	58	0	1	0	1	0	1	0	0	1	0	1	0	0	1	0	1	0	1	1	0	1	0	1	1	1	1	1	0	0	1	1	1	1	1	0	1	0	0	0	1	1	1	0	0	1	0	0	1	0	1	1	1	1	1	1	1	1	0	1	1	0	0	1	1	0	0	1	0	0	1	0	0	1	1	1	0	1	1	0	0	0	1	0	1	1	0	1	0	0	1	1	1	0	0	1	0	1	0	1	1	0	1	0	1	1	1	0	1	1	0	1	1	1	1	1	1	1	1	0	1	1	1	0	1	1	0	1	0	0	0	0	0	1	0	1	1	0	1	1	1	1	1	0	0	1	0	0	1	1	1	1	1	1	1	1	1	0	1	0	0	1	0	1	0	0	1	0
ind265	58	1	0	0	1	0	1	0	0	1	0	1	0	0	0	0	1	0	1	1	0	1	0	1	1	1	1	1	0	0	1	1	1	1	1	0	1	0	1	0	1	1	1	0	1	1	0	0	1	0	1	1	1	1	1	1	1	0	1	1	1	0	0	1	1	0	0	1	1	0	1	0	1	1	1	1	0	1	1	0	0	0	1	0	1	1	0	1	1	0	1	0	1	0	0	1	0	1	0	1	1	0	0	0	1	1	1	0	1	1	0	1	1	1	0	1	1	1	1	1	0	1	1	1	1	0	0	1	0	0	0	1	0	1	0	1	0	0	1	1	1	1	0	1	0	1	1	0	1	1	1	1	0	1	1	0	1	0	1	0	0	1	1	1	0	1	1	0
ind266	59	1	0	0	1	0	1	0	0	1	0	1	0	0	0	0	1	0	1	1	0	1	0	1	1	1	1	1	0	0	1	1	1	1	1	0	1	0	1	0	1	1	1	0	1	1	0	0	1	0	1	1	1	1	1	1	0	1	0	1	1	0	0	1	1	0	0	1	1	0	0	0	0	1	0	1	0	1	1	0	0	0	1	0	1	0	0	1	1	0	1	1	1	0	0	1	0	1	0	1	1	0	0	0	1	1	1	0	1	1	0	1	1	1	1	1	0	1	1	0	0	0	1	0	0	0	0	1	0	0	0	1	0	1	0	1	1	0	1	1	1	1	1	0	0	1	1	0	1	1	1	1	0	1	1	1	1	0	1	0	0	1	0	0	0	1	1	0
ind267	59	0	0	1	1	0	1	0	0	1	0	1	0	0	0	0	1	0	1	1	0	1	0	1	1	1	1	1	0	0	1	1	1	1	1	0	1	0	1	0	1	1	1	0	1	1	0	0	1	1	1	1	1	1	1	1	1	1	1	1	1	0	0	1	1	0	0	1	1	0	1	0	1	1	1	1	0	1	1	0	0	0	1	0	0	1	0	1	1	0	1	1	0	0	0	1	0	1	0	1	1	0	0	0	1	1	1	0	1	1	0	1	1	1	1	1	0	1	1	0	0	1	1	0	0	0	0	1	0	0	0	1	0	1	0	1	1	0	1	1	1	1	1	1	0	1	0	0	1	1	1	1	0	1	1	1	1	0	1	0	0	1	0	0	0	0	0	0
ind268	59	1	0	0	1	0	1	0	0	1	0	1	0	0	0	0	1	0	1	1	0	1	0	1	1	1	1	1	0	0	1	1	1	1	1	0	1	0	1	0	1	1	1	0	1	1	0	0	1	1	1	1	1	1	1	1	1	1	0	1	1	0	0	1	1	0	0	1	1	0	1	0	1	1	1	1	0	1	1	0	0	0	1	0	1	0	0	1	1	0	1	1	1	0	0	1	0	1	0	1	1	0	0	1	1	1	1	0	1	1	0	1	1	1	1	1	0	1	1	0	0	1	1	0	1	0	0	1	0	0	0	0	0	0	0	1	1	0	1	1	1	1	1	0	0	1	1	0	1	1	1	1	0	1	1	1	1	0	1	0	0	1	0	0	0	0	1	0
ind269	59	1	0	0	1	0	1	0	0	1	0	1	0	0	0	0	1	0	1	1	0	1	0	1	1	1	1	1	0	0	1	1	1	1	1	0	1	0	0	0	1	1	1	0	1	1	0	1	1	0	1	1	1	1	1	1	1	0	0	1	1	0	0	1	1	0	0	1	1	0	1	0	1	1	1	1	0	1	1	0	0	0	1	0	1	1	0	1	1	0	1	1	1	0	0	1	0	1	0	1	1	0	0	0	1	1	1	0	1	1	0	1	1	1	1	1	0	1	1	0	0	1	1	0	1	0	0	1	0	0	0	1	0	1	0	0	1	0	1	1	1	1	1	1	0	1	1	0	1	1	1	1	0	1	1	1	1	0	1	0	0	1	0	0	0	1	1	0
ind270	59	1	0	0	1	0	1	1	0	1	0	1	0	0	0	0	1	0	1	1	0	1	0	1	1	1	1	1	0	0	1	1	1	1	1	0	1	0	1	0	1	1	1	0	1	1	0	0	1	0	1	1	1	1	1	1	1	1	1	1	1	0	0	1	1	0	0	1	1	0	1	0	1	1	1	1	0	1	1	0	0	0	1	0	1	1	0	1	1	0	1	1	1	0	0	1	0	1	0	1	1	0	0	0	1	1	1	0	1	1	0	1	1	1	1	1	0	1	1	0	0	1	1	1	0	0	0	1	0	0	0	1	0	1	0	1	1	0	0	1	1	1	1	1	0	1	0	0	1	1	1	1	0	1	1	1	1	0	1	0	0	1	0	0	0	0	1	0
ind271	59	1	0	0	1	0	1	1	0	1	0	1	0	0	0	0	1	0	1	1	0	1	0	1	1	1	1	1	0	0	1	1	1	1	1	0	1	0	0	0	1	1	1	0	1	1	0	0	1	0	1	1	1	1	1	1	1	0	1	1	1	0	0	1	1	1	0	1	1	0	1	0	0	1	1	1	0	1	1	0	0	0	1	0	1	1	1	1	1	0	1	1	1	0	0	0	1	1	0	1	1	0	1	0	1	1	1	0	1	1	0	1	1	1	1	1	0	1	1	0	0	1	1	1	1	0	1	1	0	0	0	0	0	1	0	1	1	0	1	1	1	1	1	0	0	1	0	0	1	1	1	1	1	1	1	0	1	0	1	0	0	1	0	0	0	0	1	0
ind272	59	0	0	1	1	0	1	1	0	1	0	1	0	0	0	0	1	0	1	1	0	1	0	1	1	1	1	1	0	0	1	1	1	1	1	0	1	0	1	0	1	1	1	0	1	1	0	0	1	0	1	1	1	1	1	1	1	1	1	1	1	0	0	1	1	0	0	1	1	0	1	0	1	1	1	1	0	1	1	0	0	0	1	0	1	0	0	1	1	0	1	1	1	0	0	1	0	1	0	1	1	0	0	0	1	1	1	0	1	1	0	1	1	1	1	1	0	1	1	1	0	1	1	1	1	0	0	1	0	0	0	1	0	1	0	1	1	0	1	1	1	1	1	1	0	1	0	0	1	1	1	1	0	1	1	1	1	0	1	0	0	1	0	0	0	0	1	0
ind273	59	0	0	0	1	0	1	1	0	1	0	1	0	0	0	0	1	0	1	1	0	1	0	1	1	1	1	1	1	0	1	1	1	1	1	0	1	0	1	0	1	0	1	0	1	1	0	0	1	1	1	1	1	1	1	1	1	1	1	1	1	1	0	1	1	0	0	1	1	0	1	0	0	1	1	1	0	1	1	0	1	0	1	0	1	0	0	1	1	0	1	1	1	0	0	1	0	1	0	1	1	0	0	0	1	1	1	0	1	1	0	1	1	1	1	1	0	1	1	1	1	1	1	1	0	0	0	1	0	0	0	0	0	1	0	1	1	0	1	1	1	1	1	1	0	1	1	0	1	1	1	1	0	1	1	1	1	0	1	0	0	1	0	0	0	0	1	0
ind274	59	1	0	0	1	0	1	1	0	1	0	1	0	0	0	0	1	0	1	1	0	1	0	1	1	1	1	1	0	0	1	1	1	1	1	0	1	0	1	0	1	1	1	0	1	1	0	1	1	0	1	1	1	1	1	1	1	0	1	1	1	0	0	1	1	0	0	1	1	0	0	1	0	1	1	1	0	1	1	0	1	0	1	0	1	0	0	1	1	1	1	1	1	0	0	0	1	1	0	1	1	0	0	0	1	1	1	0	1	1	0	1	1	1	1	1	1	1	1	0	0	1	1	0	1	0	1	1	0	1	0	0	0	1	0	1	1	0	1	1	1	1	1	1	0	1	0	0	1	1	1	1	0	1	1	1	1	0	1	0	0	1	0	0	1	1	1	0
ind275	59	0	0	0	1	0	0	1	0	1	0	0	0	0	0	0	1	0	1	1	0	1	0	1	1	1	1	0	1	0	1	1	1	1	1	0	1	0	1	0	1	1	1	0	1	1	0	1	0	0	1	1	1	1	1	1	1	0	1	1	1	0	0	1	1	0	0	1	1	0	1	0	0	1	1	1	0	1	1	0	0	0	1	0	1	0	0	1	1	0	1	1	1	0	1	1	0	1	0	1	1	0	0	1	1	1	1	0	1	1	0	1	1	1	0	1	0	1	1	0	0	1	1	1	1	0	0	1	0	0	0	0	0	1	0	1	1	0	1	1	1	1	1	0	0	1	0	0	1	1	1	1	0	1	1	1	1	0	1	0	0	1	0	0	0	0	1	0
ind276	59	0	0	1	1	1	1	1	0	1	0	1	0	0	0	0	1	0	1	1	0	1	0	1	1	1	1	1	1	0	1	1	1	1	1	0	1	0	1	0	1	1	1	0	1	1	0	0	1	0	1	1	1	1	1	1	0	1	0	1	1	0	0	1	1	0	0	1	1	0	1	0	0	1	1	1	0	1	1	0	0	0	1	0	1	0	1	1	1	0	1	0	1	0	0	1	0	1	0	1	1	0	0	0	1	1	1	0	1	0	1	1	1	1	0	1	0	1	1	0	1	1	1	0	1	0	0	0	0	0	0	0	0	1	0	1	1	0	1	1	1	1	1	1	0	1	1	0	1	1	0	1	0	1	1	1	1	0	1	0	0	1	0	0	0	0	1	0
ind277	59	0	0	0	1	0	1	1	0	1	0	1	0	0	0	0	1	0	1	1	0	1	0	1	1	1	1	1	1	0	1	1	1	1	1	0	1	0	1	0	1	1	1	0	1	1	0	0	1	0	1	1	1	1	1	1	1	0	1	1	1	0	0	1	1	0	0	1	1	0	1	0	0	1	1	1	0	1	1	0	0	0	1	0	1	0	0	1	1	0	1	1	1	0	0	1	0	1	0	1	1	0	0	1	1	1	1	0	1	1	0	1	1	1	1	1	0	1	1	0	0	1	1	1	1	0	0	1	0	0	0	0	0	0	0	1	1	0	1	1	1	1	1	0	0	1	0	0	1	1	1	1	0	1	1	1	1	0	1	0	0	1	0	0	0	0	1	0
ind278	59	0	0	1	1	0	1	1	0	1	1	0	0	0	0	0	1	0	1	1	0	1	0	1	1	1	1	1	1	0	1	1	1	1	1	1	0	0	1	0	1	1	1	0	1	1	0	0	1	0	1	1	1	1	1	1	0	1	1	1	1	0	0	1	1	0	0	1	1	0	1	0	0	1	1	1	0	1	1	0	1	0	1	0	1	0	0	1	1	0	1	1	1	0	1	0	1	1	0	1	1	0	0	1	1	1	1	0	1	0	0	1	1	1	0	1	0	1	1	0	0	1	1	1	1	0	0	1	0	1	0	0	0	1	0	1	1	0	1	1	1	1	1	0	0	1	0	0	1	1	1	1	0	1	1	1	1	0	1	0	0	1	0	0	0	0	1	0
ind279	60	0	1	0	1	0	1	1	0	1	0	1	0	0	0	0	1	0	1	1	0	1	0	1	1	1	1	1	1	0	1	1	1	1	1	0	1	0	1	0	1	1	1	0	1	1	0	1	1	0	1	1	1	1	1	1	1	0	1	1	1	0	0	1	1	0	0	1	1	0	1	0	0	1	0	1	0	1	1	0	1	0	1	0	0	1	1	1	1	1	1	1	1	0	0	0	1	1	0	1	1	0	1	0	1	1	1	0	1	1	0	1	1	1	0	1	1	1	1	0	0	1	1	1	1	0	0	1	0	0	1	0	0	1	0	1	1	0	1	1	1	1	1	0	0	1	0	0	1	1	1	1	1	1	1	1	1	0	1	0	0	1	0	0	1	1	1	0
ind280	61	0	0	0	0	0	1	1	0	1	0	1	0	0	0	0	1	0	1	1	0	1	0	1	1	1	1	0	0	0	1	1	1	1	1	0	1	0	0	0	1	1	1	0	1	1	0	1	0	0	1	1	1	1	1	1	0	0	1	1	1	0	1	1	1	0	0	1	1	0	1	0	0	1	1	1	0	1	1	0	1	0	1	0	0	1	0	1	1	1	1	1	1	0	1	1	0	1	1	0	1	0	0	0	1	1	1	0	1	1	0	1	1	1	1	1	0	1	1	0	0	1	0	1	1	0	0	1	0	1	0	0	0	1	0	1	1	0	1	1	1	1	1	0	0	1	0	0	1	1	1	1	0	0	1	1	1	0	1	0	0	0	0	0	1	0	1	0
ind281	61	0	0	1	1	1	1	1	0	1	0	1	0	0	0	0	1	0	1	1	0	1	0	1	1	1	1	1	0	0	1	1	1	1	1	0	1	0	0	0	1	1	1	0	1	1	0	0	1	0	1	1	1	1	1	1	0	0	1	1	1	0	0	1	1	0	0	1	1	0	1	0	0	1	1	1	0	1	1	0	1	0	1	0	1	1	1	1	1	1	1	1	1	0	0	1	0	1	0	1	1	0	0	0	1	1	1	0	1	0	0	1	1	1	1	1	0	1	1	0	0	0	1	1	1	1	0	1	0	0	0	0	0	1	0	1	1	0	1	1	1	1	1	0	0	1	0	0	1	1	1	1	0	0	1	1	1	0	1	0	0	0	0	0	1	0	1	0
ind282	61	0	0	1	1	0	1	1	0	1	0	1	0	0	1	0	1	0	1	1	0	1	0	1	1	1	1	1	0	0	1	1	1	1	1	0	1	0	0	0	1	1	1	0	1	1	0	1	0	0	1	1	1	1	1	1	0	0	1	1	1	0	0	1	1	0	0	1	1	0	1	1	0	0	1	1	0	1	1	0	1	0	1	0	0	1	1	1	1	1	1	1	1	0	0	1	0	1	0	1	1	0	1	0	1	1	1	0	1	1	0	1	1	1	1	1	1	1	1	0	0	1	1	1	1	0	0	1	0	1	0	0	0	1	0	1	1	0	1	1	1	1	1	1	0	1	0	0	1	1	1	1	0	0	1	1	1	0	1	0	0	0	0	0	0	0	1	0
ind283	61	0	0	1	1	1	1	1	0	1	0	1	0	0	0	0	1	0	1	1	0	1	0	1	1	1	1	0	0	0	1	1	1	1	1	1	1	0	0	0	1	1	1	0	1	1	0	0	1	0	1	1	1	1	1	1	0	1	1	1	0	0	0	1	1	0	0	1	1	0	1	0	0	1	1	1	0	1	1	0	1	0	1	0	0	1	0	1	1	0	1	1	1	0	1	1	0	1	0	1	1	0	0	0	1	1	1	0	1	1	0	1	1	1	1	1	0	1	1	0	1	1	1	1	1	1	0	1	0	1	0	0	0	1	0	1	1	0	1	1	1	1	1	0	0	1	1	0	1	1	1	1	0	1	1	0	1	0	1	0	0	1	0	0	1	0	1	0
ind284	62	0	0	0	1	0	1	1	0	1	0	1	0	0	0	0	1	0	1	0	0	1	0	0	1	1	1	1	0	0	1	1	1	1	1	0	1	0	1	0	1	1	1	0	1	1	0	1	1	0	1	1	1	1	1	1	0	0	1	1	0	0	0	1	1	0	0	0	1	0	1	0	0	1	0	1	0	1	1	0	1	0	1	0	1	0	1	1	1	0	1	1	1	0	0	0	1	1	0	1	1	0	0	1	1	1	1	0	1	1	0	1	1	0	1	1	0	1	0	1	0	0	0	1	1	0	0	1	0	0	0	0	0	1	0	1	1	0	1	1	1	1	1	0	0	1	0	0	1	1	1	1	1	1	1	1	1	0	1	0	0	0	0	0	0	0	1	0
ind285	62	0	0	0	0	0	1	0	0	1	0	1	0	0	0	0	1	0	1	1	0	1	0	1	1	1	1	0	0	0	1	1	1	1	1	0	1	0	1	0	1	1	1	0	1	1	0	1	1	0	1	1	1	1	1	1	1	0	0	1	1	0	0	1	1	0	0	0	1	0	1	0	1	1	0	1	0	1	1	0	1	0	1	0	1	1	1	1	1	0	1	0	1	0	0	0	1	1	0	1	1	0	1	1	1	1	1	0	1	1	0	1	1	1	1	1	0	1	1	0	0	1	1	1	1	0	0	1	0	0	0	1	0	1	0	1	1	0	1	1	1	1	1	0	0	0	0	0	1	1	1	0	1	1	1	0	1	0	1	0	0	1	0	0	1	1	1	0
ind286	62	1	0	0	1	0	0	1	0	1	0	1	0	0	0	0	1	0	1	1	0	1	0	0	1	1	1	1	1	0	1	1	1	1	1	0	1	0	1	0	1	1	0	0	1	1	0	1	1	0	1	1	1	1	0	1	1	0	1	1	1	0	0	1	1	0	0	0	1	0	1	0	0	1	0	1	0	1	1	0	1	0	1	1	1	1	0	1	1	0	1	1	1	0	0	0	1	1	0	1	1	0	1	1	1	1	1	0	1	1	0	1	1	0	1	1	0	1	1	1	0	1	1	1	1	0	0	1	0	0	0	1	0	1	0	1	1	0	1	1	1	1	1	0	1	1	0	0	1	1	1	1	1	1	1	0	1	0	1	0	0	1	0	0	0	1	1	0
ind287	62	0	0	0	1	0	1	1	0	1	0	1	0	0	0	0	1	0	1	1	0	1	0	0	1	1	1	0	1	0	1	1	1	1	1	0	1	0	1	0	1	1	1	0	1	1	0	1	1	0	1	1	1	1	0	1	0	0	0	1	1	0	0	1	1	0	0	1	1	1	1	0	0	1	1	1	0	1	1	0	1	0	1	1	1	0	0	1	1	0	1	1	0	0	0	0	1	1	0	1	1	0	0	0	1	1	1	0	1	1	0	1	1	1	1	1	0	1	1	1	0	1	1	1	1	0	0	1	0	0	0	1	0	1	0	1	1	0	1	1	1	1	1	0	0	1	1	0	1	1	1	1	1	1	1	1	1	0	1	0	0	1	0	0	1	1	1	0
